dist_drain.asc
ncols         469
nrows         365
xllcorner     198538.8800233
yllcorner     438669.69527598
cellsize      10
NODATA_value  -9999
[rows 0 to 32 of 365, columns 375 to 449 of 469]
-9999 -9999 -9999 -9999 -9999 -9999 -9999 -9999 -9999 -9999 -9999 -9999 -9999 -9999 -9999 -9999 -9999 -9999 -9999 -9999 -9999 -9999 -9999 -9999 -9999 -9999 -9999 -9999 -9999 -9999 -9999 -9999 -9999 -9999 -9999 -9999 -9999 -9999 -9999 -9999 -9999 -9999 -9999 -9999 -9999 -9999 -9999 -9999 -9999 -9999 -9999 -9999 -9999 -9999 -9999 -9999 -9999 -9999 -9999 -9999 -9999 -9999 -9999 -9999 -9999 266.8333 269.2582 -9999 -9999 -9999 -9999 -9999 -9999 -9999 -9999
-9999 -9999 -9999 -9999 -9999 -9999 -9999 -9999 -9999 -9999 -9999 -9999 -9999 -9999 -9999 -9999 -9999 -9999 -9999 -9999 -9999 -9999 -9999 -9999 -9999 -9999 -9999 -9999 -9999 -9999 -9999 -9999 -9999 -9999 -9999 -9999 -9999 -9999 -9999 -9999 -9999 -9999 -9999 -9999 -9999 -9999 -9999 -9999 -9999 -9999 -9999 -9999 -9999 -9999 -9999 -9999 -9999 -9999 -9999 -9999 -9999 -9999 -9999 -9999 254.951 257.0992 259.6151 -9999 -9999 -9999 -9999 -9999 -9999 -9999 -9999
-9999 -9999 -9999 -9999 -9999 -9999 -9999 -9999 -9999 -9999 -9999 -9999 -9999 -9999 -9999 -9999 -9999 -9999 -9999 -9999 -9999 -9999 -9999 -9999 -9999 -9999 -9999 -9999 -9999 -9999 -9999 -9999 -9999 -9999 -9999 -9999 -9999 -9999 -9999 -9999 -9999 -9999 -9999 -9999 -9999 -9999 -9999 -9999 -9999 -9999 -9999 -9999 -9999 -9999 -9999 -9999 -9999 -9999 -9999 240 240.2082 240.8319 241.8677 243.3105 245.153 247.3863 250 252.9822 -9999 -9999 -9999 -9999 -9999 -9999 -9999
-9999 -9999 -9999 -9999 -9999 -9999 -9999 -9999 -9999 -9999 -9999 -9999 -9999 -9999 -9999 -9999 -9999 -9999 -9999 -9999 -9999 -9999 -9999 -9999 -9999 -9999 -9999 -9999 -9999 -9999 -9999 -9999 -9999 -9999 -9999 -9999 -9999 -9999 -9999 -9999 -9999 -9999 -9999 -9999 -9999 -9999 -9999 -9999 -9999 -9999 -9999 -9999 -9999 -9999 -9999 -9999 231.9483 230.8679 230.2173 230 230.2173 230.8679 231.9483 233.4523 235.372 237.6973 240.4163 243.5159 246.9818 -9999 -9999 -9999 -9999 -9999 -9999
-9999 -9999 -9999 -9999 -9999 -9999 -9999 -9999 -9999 -9999 -9999 -9999 -9999 -9999 -9999 -9999 -9999 -9999 -9999 -9999 -9999 -9999 -9999 -9999 -9999 -9999 -9999 -9999 -9999 -9999 -9999 -9999 -9999 -9999 -9999 -9999 -9999 -9999 -9999 -9999 -9999 -9999 -9999 -9999 -9999 -9999 -9999 -9999 -9999 -9999 -9999 -9999 -9999 228.0351 225.6103 223.6068 222.036 220.9072 220.2272 220 220.2272 220.9072 222.036 223.6068 225.6103 228.0351 230.8679 234.094 237.6973 -9999 -9999 -9999 -9999 -9999 -9999
-9999 -9999 -9999 -9999 -9999 -9999 -9999 -9999 -9999 -9999 -9999 -9999 329.8484 -9999 -9999 -9999 -9999 -9999 -9999 -9999 -9999 -9999 -9999 -9999 -9999 -9999 -9999 -9999 -9999 -9999 -9999 -9999 -9999 -9999 -9999 -9999 -9999 -9999 -9999 -9999 -9999 -9999 -9999 -9999 -9999 -9999 -9999 -9999 -9999 -9999 -9999 224.722 221.3594 218.4033 215.8703 213.7756 212.132 210.9502 210.238 210 210.238 210.9502 212.132 213.7756 215.8703 218.4033 221.3594 224.722 228.4732 232.5941 -9999 -9999 -9999 -9999 -9999
-9999 -9999 -9999 -9999 -9999 -9999 -9999 -9999 -9999 -9999 -9999 322.8003 320.1562 317.805 -9999 -9999 -9999 -9999 -9999 -9999 -9999 -9999 -9999 -9999 -9999 -9999 -9999 -9999 -9999 -9999 -9999 -9999 -9999 -9999 -9999 -9999 -9999 -9999 -9999 -9999 -9999 -9999 -9999 -9999 -9999 -9999 -9999 -9999 -9999 -9999 -9999 215.4066 211.8962 208.8061 206.1553 203.9608 202.2375 200.9975 200.2498 200 200.2498 200.9975 202.2375 203.9608 206.1553 208.8061 211.8962 215.4066 219.3171 -9999 -9999 -9999 -9999 -9999 -9999
-9999 -9999 -9999 -9999 -9999 -9999 331.0589 326.9557 323.1099 319.5309 316.2278 313.2092 310.4835 308.0584 -9999 -9999 -9999 -9999 -9999 -9999 -9999 -9999 -9999 -9999 -9999 -9999 -9999 -9999 -9999 -9999 -9999 -9999 -9999 -9999 -9999 -9999 -9999 -9999 -9999 -9999 -9999 -9999 -9999 -9999 -9999 -9999 -9999 -9999 -9999 -9999 -9999 206.1553 202.4846 199.2486 196.4688 194.1649 192.3538 191.0497 190.263 190 190.263 191.0497 192.3538 194.1649 196.4688 199.2486 202.4846 206.1553 210.238 -9999 -9999 -9999 -9999 -9999 -9999
-9999 -9999 -9999 -9999 -9999 -9999 322.0248 317.805 313.8471 310.1613 306.7572 303.6445 300.8322 298.3287 -9999 -9999 -9999 -9999 -9999 -9999 -9999 -9999 -9999 -9999 -9999 -9999 -9999 -9999 -9999 -9999 -9999 -9999 -9999 -9999 -9999 -9999 -9999 -9999 -9999 -9999 -9999 -9999 -9999 -9999 -9999 -9999 -9999 -9999 -9999 205.9126 201.2461 196.9772 193.1321 189.7367 186.8154 184.3909 182.4829 181.1077 180.2776 180 180.2776 181.1077 182.4829 184.3909 186.8154 189.7367 193.1321 196.9772 -9999 -9999 -9999 -9999 -9999 -9999 -9999
-9999 -9999 -9999 -9999 -9999 -9999 313.0495 308.707 304.6309 300.8322 297.3214 294.1088 291.2044 288.6174 286.3564 -9999 -9999 -9999 -9999 -9999 -9999 -9999 -9999 -9999 -9999 -9999 -9999 -9999 -9999 -9999 -9999 -9999 -9999 -9999 -9999 -9999 -9999 -9999 -9999 -9999 -9999 -9999 -9999 233.4523 -9999 -9999 -9999 -9999 -9999 197.2308 192.3538 187.8829 183.8478 180.2776 177.2005 174.6425 172.6268 171.1724 170.2939 170 170.2939 171.1724 172.6268 174.6425 177.2005 180.2776 183.8478 -9999 -9999 -9999 -9999 -9999 -9999 -9999 -9999
-9999 -9999 -9999 -9999 -9999 -9999 304.1381 299.6665 295.4657 291.5476 287.9236 284.605 281.6026 278.9265 276.5863 274.5906 -9999 -9999 -9999 -9999 -9999 -9999 -9999 -9999 -9999 -9999 -9999 -9999 -9999 -9999 -9999 -9999 -9999 -9999 -9999 -9999 -9999 250 247.3863 245.153 243.3105 240.8319 233.4523 226.2742 219.3171 212.6029 206.1553 -9999 194.1649 188.6796 183.5756 178.8854 174.6425 170.8801 167.6305 164.9242 162.7882 161.2451 160.3122 160 160.3122 161.2451 162.7882 164.9242 167.6305 170.8801 -9999 -9999 -9999 -9999 -9999 -9999 -9999 -9999 -9999
-9999 -9999 -9999 310.6445 305.2867 300.1666 295.2964 290.6888 286.3564 282.3119 278.5678 275.1363 272.0294 269.2582 266.8333 264.764 263.0589 261.725 260.7681 260.1922 -9999 -9999 -9999 -9999 -9999 -9999 -9999 -9999 -9999 -9999 -9999 -9999 259.4224 254.951 250.7987 246.9818 243.5159 240.4163 237.6973 235.372 233.4523 231.9483 226.7157 219.3171 212.132 205.1828 198.4943 192.0937 186.0108 180.2776 174.9286 170 165.5294 161.5549 158.1139 155.2417 152.9706 151.3275 150.333 150 150.333 151.3275 152.9706 155.2417 158.1139 161.5549 -9999 -9999 -9999 -9999 -9999 -9999 -9999 -9999 -9999
-9999 -9999 -9999 302.3243 296.8164 291.5476 286.531 281.7801 277.3085 273.13 269.2582 265.7066 262.4881 259.6151 257.0992 254.951 253.1798 251.7936 250.7987 250.1999 250 -9999 -9999 -9999 -9999 -9999 -9999 -9999 -9999 -9999 -9999 -9999 250.5993 245.9675 241.6609 237.6973 234.094 230.8679 228.0351 225.6103 223.6068 222.036 220.2272 212.6029 205.1828 197.9899 191.0497 184.3909 178.0449 172.0465 166.4332 161.2451 156.5248 152.3155 148.6607 145.6022 143.1782 141.4214 140.3567 140 140.3567 141.4214 143.1782 145.6022 148.6607 152.3155 -9999 -9999 -9999 -9999 -9999 184.3909 -9999 -9999 -9999
-9999 -9999 -9999 -9999 288.4441 283.0194 277.8489 272.9469 268.3282 264.0076 260 256.3201 252.9822 250 247.3863 245.153 243.3105 241.8677 240.8319 240.2082 240 240.2082 240.8319 -9999 -9999 -9999 -9999 -9999 -9999 -9999 -9999 -9999 -9999 -9999 -9999 -9999 -9999 221.3594 218.4033 215.8703 213.7756 212.132 210.9502 206.1553 198.4943 191.0497 183.8478 176.9181 170.2939 164.0122 158.1139 152.6434 147.6482 143.1782 139.2839 136.0147 133.4166 131.5295 130.384 130 130.384 131.5295 133.4166 136.0147 139.2839 143.1782 147.6482 -9999 -9999 -9999 170.2939 176.9181 183.8478 -9999 -9999
-9999 -9999 -9999 -9999 280.1785 274.5906 269.2582 264.1969 259.4224 254.951 250.7987 246.9818 243.5159 240.4163 237.6973 235.372 233.4523 231.9483 230.8679 230.2173 230 230.2173 230.8679 231.9483 -9999 -9999 -9999 -9999 -9999 -9999 -9999 -9999 -9999 -9999 -9999 -9999 -9999 -9999 208.8061 206.1553 203.9608 202.2375 200.9975 200 192.0937 184.3909 176.9181 169.7056 162.7882 156.205 150 144.222 138.9244 134.1641 130 126.4911 123.6932 121.6553 120.4159 120 120.4159 121.6553 123.6932 126.4911 130 134.1641 138.9244 144.222 150 156.205 162.7882 169.7056 176.9181 183.8478 -9999
-9999 -9999 -9999 -9999 272.0294 266.2705 260.7681 255.5387 250.5993 245.9675 241.6609 237.6973 234.094 230.8679 228.0351 225.6103 223.6068 222.036 220.9072 220.2272 220 220.2272 220.9072 222.036 -9999 -9999 -9999 -9999 -9999 -9999 -9999 -9999 -9999 -9999 -9999 -9999 -9999 -9999 199.2486 196.4688 194.1649 192.3538 191.0497 190.263 186.0108 178.0449 170.2939 162.7882 155.5635 148.6607 142.1267 136.0147 130.384 125.2996 120.8305 117.047 114.0175 111.8034 110.4536 110 110.4536 111.8034 114.0175 117.047 120.8305 125.2996 130.384 136.0147 142.1267 148.6607 155.5635 162.7882 169.7056 176.9181 184.3909
-9999 -9999 -9999 -9999 264.0076 258.0698 252.3886 246.9818 241.8677 237.0654 232.5941 228.4732 224.722 221.3594 218.4033 215.8703 213.7756 212.132 210.9502 210.238 210 210.238 210.9502 212.132 -9999 -9999 -9999 -9999 -9999 -9999 -9999 222.036 216.3331 210.9502 205.9126 201.2461 196.9772 -9999 -9999 186.8154 184.3909 182.4829 181.1077 180.2776 180 172.0465 164.0122 156.205 148.6607 141.4214 134.5362 128.0625 122.0656 116.619 111.8034 107.7033 104.4031 101.9804 100.4988 100 100.4988 101.9804 104.4031 107.7033 111.8034 116.619 122.0656 128.0625 134.5362 141.4214 148.6607 155.5635 162.7882 170.2939 178.0449
-9999 -9999 -9999 -9999 -9999 250 244.1311 238.5372 233.2381 228.2542 223.6068 219.3171 215.4066 211.8962 208.8061 206.1553 203.9608 202.2375 200.9975 200.2498 200 200.2498 200.9975 202.2375 203.9608 -9999 -9999 -9999 -9999 219.3171 220.2272 214.0093 208.0865 202.4846 197.2308 192.3538 187.8829 183.8478 180.2776 177.2005 174.6425 172.6268 171.1724 170.2939 170 166.4332 158.1139 150 142.1267 134.5362 127.2792 120.4159 114.0175 108.1665 102.9563 98.48858 94.86833 92.19544 90.55385 90 90.55385 92.19544 94.86833 98.48858 102.9563 108.1665 114.0175 120.4159 127.2792 134.5362 141.4214 148.6607 156.205 164.0122 172.0465
-9999 -9999 -9999 -9999 -9999 242.0744 236.0085 230.2173 224.722 219.545 214.7091 210.238 206.1553 202.4846 199.2486 196.4688 194.1649 192.3538 191.0497 190.263 190 190.263 191.0497 192.3538 194.1649 196.4688 199.2486 202.4846 206.1553 210.238 212.6029 206.1553 200 194.1649 188.6796 183.5756 178.8854 174.6425 170.8801 167.6305 164.9242 162.7882 161.2451 160.3122 160 160 152.6434 144.222 136.0147 128.0625 120.4159 113.1371 106.3015 100 94.33981 89.44272 85.44004 82.46211 80.62257 80 80.62257 82.46211 85.44004 89.44272 94.33981 100 106.3015 113.1371 120.4159 127.2792 134.5362 142.1267 150 158.1139 166.4332
-9999 -9999 -9999 -9999 -9999 234.3075 228.0351 222.036 216.3331 210.9502 205.9126 201.2461 196.9772 193.1321 189.7367 186.8154 184.3909 182.4829 181.1077 180.2776 180 180.2776 181.1077 182.4829 184.3909 186.8154 189.7367 193.1321 196.9772 201.2461 205.1828 198.4943 192.0937 186.0108 180.2776 174.9286 170 165.5294 161.5549 158.1139 155.2417 152.9706 151.3275 150.333 150 150 147.6482 138.9244 130.384 122.0656 114.0175 106.3015 98.99495 92.19544 86.02325 80.62257 76.15773 72.8011 70.71068 70 70.71068 72.8011 76.15773 80.62257 86.02325 92.19544 98.99495 106.3015 113.1371 120.4159 128.0625 136.0147 144.222 152.6434 161.2451
-9999 -9999 -9999 -9999 -9999 226.7157 220.2272 214.0093 208.0865 202.4846 197.2308 192.3538 187.8829 183.8478 180.2776 177.2005 174.6425 172.6268 171.1724 170.2939 170 170.2939 171.1724 172.6268 174.6425 177.2005 180.2776 183.8478 187.8829 192.3538 197.2308 191.0497 184.3909 178.0449 172.0465 166.4332 161.2451 156.5248 152.3155 148.6607 145.6022 143.1782 141.4214 140.3567 140 140 140 134.1641 125.2996 116.619 108.1665 100 92.19544 84.85281 78.10249 72.11102 67.08204 63.24555 60.82763 60 60.82763 63.24555 67.08204 72.11102 78.10249 84.85281 92.19544 98.99495 106.3015 114.0175 122.0656 130.384 138.9244 147.6482 156.5248
-9999 -9999 -9999 -9999 -9999 219.3171 212.6029 206.1553 200 194.1649 188.6796 183.5756 178.8854 174.6425 170.8801 167.6305 164.9242 162.7882 161.2451 160.3122 160 160.3122 161.2451 162.7882 164.9242 167.6305 170.8801 174.6425 178.8854 183.5756 188.6796 183.8478 176.9181 170.2939 164.0122 158.1139 152.6434 147.6482 143.1782 139.2839 136.0147 133.4166 131.5295 130.384 130 130 130 130 120.8305 111.8034 102.9563 94.33981 86.02325 78.10249 70.71068 64.03124 58.30952 53.85165 50.9902 50 50.9902 53.85165 58.30952 64.03124 70.71068 78.10249 84.85281 92.19544 100 108.1665 116.619 125.2996 134.1641 143.1782 152.3155
-9999 -9999 -9999 -9999 -9999 -9999 205.1828 198.4943 192.0937 186.0108 180.2776 174.9286 170 165.5294 161.5549 158.1139 155.2417 152.9706 151.3275 150.333 150 150.333 151.3275 152.9706 155.2417 158.1139 161.5549 165.5294 170 174.9286 180.2776 176.9181 169.7056 162.7882 156.205 150 144.222 138.9244 134.1641 130 126.4911 123.6932 121.6553 120.4159 120 120 120 120 117.047 107.7033 98.48858 89.44272 80.62257 72.11102 64.03124 56.56854 50 44.72136 41.23106 40 41.23106 44.72136 50 56.56854 64.03124 70.71068 78.10249 86.02325 94.33981 102.9563 111.8034 120.8305 130 139.2839 148.6607
-9999 -9999 -9999 -9999 -9999 -9999 197.9899 191.0497 184.3909 178.0449 172.0465 166.4332 161.2451 156.5248 152.3155 148.6607 145.6022 143.1782 141.4214 140.3567 140 140.3567 141.4214 143.1782 145.6022 148.6607 152.3155 156.5248 161.2451 166.4332 172.0465 170.2939 162.7882 155.5635 148.6607 142.1267 136.0147 130.384 125.2996 120.8305 117.047 114.0175 111.8034 110.4536 110 110 110 110 110 104.4031 94.86833 85.44004 76.15773 67.08204 58.30952 50 42.42641 36.05551 31.62278 30 31.62278 36.05551 42.42641 50 56.56854 64.03124 72.11102 80.62257 89.44272 98.48858 107.7033 117.047 126.4911 136.0147 145.6022
-9999 -9999 -9999 -9999 -9999 -9999 191.0497 183.8478 176.9181 170.2939 164.0122 158.1139 152.6434 147.6482 143.1782 139.2839 136.0147 133.4166 131.5295 130.384 130 130.384 131.5295 133.4166 136.0147 139.2839 143.1782 147.6482 152.6434 158.1139 164.0122 164.0122 156.205 148.6607 141.4214 134.5362 128.0625 122.0656 116.619 111.8034 107.7033 104.4031 101.9804 100.4988 100 100 100 100 100 100.4988 92.19544 82.46211 72.8011 63.24555 53.85165 44.72136 36.05551 28.28427 22.36068 20 22.36068 28.28427 36.05551 42.42641 50 58.30952 67.08204 76.15773 85.44004 94.86833 104.4031 114.0175 123.6932 133.4166 143.1782
-9999 -9999 -9999 -9999 -9999 -9999 -9999 176.9181 169.7056 162.7882 156.205 150 144.222 138.9244 134.1641 130 126.4911 123.6932 121.6553 120.4159 120 120.4159 121.6553 123.6932 126.4911 130 134.1641 138.9244 144.222 150 156.205 158.1139 150 142.1267 134.5362 127.2792 120.4159 114.0175 108.1665 102.9563 98.48858 94.86833 92.19544 90.55385 90 90 90 90 90 90.55385 90.55385 80.62257 70.71068 60.82763 50.9902 41.23106 31.62278 22.36068 14.14214 10 14.14214 22.36068 28.28427 36.05551 44.72136 53.85165 63.24555 72.8011 82.46211 92.19544 101.9804 111.8034 121.6553 131.5295 141.4214
-9999 -9999 -9999 -9999 -9999 -9999 -9999 169.7056 162.7882 155.5635 148.6607 142.1267 136.0147 130.384 125.2996 120.8305 117.047 114.0175 111.8034 110.4536 110 110.4536 111.8034 114.0175 117.047 120.8305 125.2996 130.384 136.0147 142.1267 148.6607 152.6434 144.222 136.0147 128.0625 120.4159 113.1371 106.3015 100 94.33981 89.44272 85.44004 82.46211 80.62257 80 80 80 80 80 80.62257 82.46211 80 70 60 50 40 30 20 10 0 10 14.14214 22.36068 31.62278 41.23106 50.9902 60.82763 70.71068 80.62257 90.55385 100.4988 110.4536 120.4159 130.384 140.3567
-9999 -9999 -9999 -9999 -9999 -9999 -9999 162.7882 155.5635 148.6607 141.4214 134.5362 128.0625 122.0656 116.619 111.8034 107.7033 104.4031 101.9804 100.4988 100 100.4988 101.9804 104.4031 107.7033 111.8034 116.619 122.0656 128.0625 134.5362 141.4214 147.6482 138.9244 130.384 122.0656 114.0175 106.3015 98.99495 92.19544 86.02325 80.62257 76.15773 72.8011 70.71068 70 70 70 70 70 70.71068 72.8011 76.15773 70.71068 60.82763 50.9902 41.23106 31.62278 22.36068 14.14214 10 0 10 20 30 40 50 60 70 80 90 100 110 120 130 140
-9999 -9999 -9999 -9999 -9999 -9999 -9999 -9999 148.6607 141.4214 134.5362 127.2792 120.4159 114.0175 108.1665 102.9563 98.48858 94.86833 92.19544 90.55385 90 90.55385 92.19544 94.86833 98.48858 102.9563 108.1665 114.0175 120.4159 127.2792 134.5362 142.1267 134.1641 125.2996 116.619 108.1665 100 92.19544 84.85281 78.10249 72.11102 67.08204 63.24555 60.82763 60 60 60 60 60 60.82763 63.24555 67.08204 72.11102 63.24555 53.85165 44.72136 36.05551 28.28427 20 10 0 10 20 30 40 50 60 70 80 90 100 110 120 130 140
-9999 -9999 -9999 -9999 -9999 -9999 -9999 -9999 141.4214 134.5362 127.2792 120.4159 113.1371 106.3015 100 94.33981 89.44272 85.44004 82.46211 80.62257 80 80.62257 82.46211 85.44004 89.44272 94.33981 100 106.3015 113.1371 120.4159 128.0625 136.0147 130 120.8305 111.8034 102.9563 94.33981 86.02325 78.10249 70.71068 64.03124 58.30952 53.85165 50.9902 50 50 50 50 50 50.9902 53.85165 58.30952 63.24555 67.08204 58.30952 50 40 30 20 10 0 10 20 30 40 50 60 70 80 90 100 110 120 130 140
-9999 -9999 -9999 -9999 -9999 -9999 -9999 -9999 134.5362 127.2792 120.4159 113.1371 106.3015 98.99495 92.19544 86.02325 80.62257 76.15773 72.8011 70.71068 70 70.71068 72.8011 76.15773 80.62257 86.02325 92.19544 98.99495 106.3015 114.0175 122.0656 130.384 126.4911 117.047 107.7033 98.48858 89.44272 80.62257 72.11102 64.03124 56.56854 50 44.72136 41.23106 40 40 40 40 40 41.23106 44.72136 50 53.85165 58.30952 60 50 40 30 20 10 0 10 20 30 40 50 60 70 80 90 100 110 120 130 140
-9999 -9999 -9999 -9999 -9999 -9999 -9999 -9999 127.2792 120.4159 113.1371 106.3015 98.99495 92.19544 84.85281 78.10249 72.11102 67.08204 63.24555 60.82763 60 60.82763 63.24555 67.08204 72.11102 78.10249 84.85281 92.19544 100 108.1665 116.619 125.2996 123.6932 114.0175 104.4031 94.86833 85.44004 76.15773 67.08204 58.30952 50 42.42641 36.05551 31.62278 30 30 30 30 30 31.62278 36.05551 41.23106 44.72136 50 56.56854 50.9902 41.23106 31.62278 22.36068 14.14214 -9999 -9999 22.36068 31.62278 41.23106 50.9902 60.82763 70.71068 80.62257 90.55385 100.4988 110.4536 120.4159 130.384 140.3567
-9999 -9999 -9999 -9999 -9999 -9999 -9999 -9999 -9999 113.1371 106.3015 98.99495 92.19544 84.85281 78.10249 70.71068 64.03124 58.30952 53.85165 50.9902 50 50.9902 53.85165 58.30952 64.03124 70.71068 78.10249 86.02325 94.33981 102.9563 111.8034 120.8305 121.6553 111.8034 101.9804 92.19544 82.46211 72.8011 63.24555 53.85165 44.72136 36.05551 28.28427 22.36068 20 20 20 20 20 22.36068 28.28427 31.62278 36.05551 42.42641 50 53.85165 44.72136 36.05551 28.28427 22.36068 -9999 -9999 -9999 36.05551 44.72136 53.85165 63.24555 72.8011 82.46211 92.19544 101.9804 111.8034 121.6553 131.5295 141.4214
