dist_drain.asc
ncols         469
nrows         365
xllcorner     198538.8800233
yllcorner     438669.69527598
cellsize      10
NODATA_value  -9999
[rows 33 to 65 of 365, columns 225 to 299 of 469]
-9999 -9999 -9999 -9999 -9999 -9999 -9999 -9999 -9999 -9999 -9999 -9999 -9999 -9999 -9999 -9999 -9999 -9999 -9999 -9999 -9999 -9999 -9999 -9999 -9999 -9999 -9999 -9999 -9999 -9999 -9999 -9999 -9999 -9999 -9999 -9999 -9999 -9999 -9999 -9999 -9999 -9999 -9999 -9999 -9999 -9999 -9999 -9999 -9999 10 0 10 14.14214 22.36068 28.28427 36.05551 42.42641 50 56.56854 64.03124 72.11102 80.62257 89.44272 98.48858 102.9563 108.1665 114.0175 120.4159 127.2792 134.5362 142.1267 141.4214 134.5362 128.0625 122.0656
-9999 -9999 -9999 -9999 -9999 -9999 -9999 -9999 -9999 -9999 -9999 -9999 -9999 -9999 -9999 -9999 -9999 -9999 -9999 -9999 -9999 -9999 -9999 -9999 -9999 -9999 -9999 -9999 -9999 -9999 -9999 -9999 -9999 -9999 -9999 -9999 -9999 -9999 -9999 -9999 -9999 -9999 -9999 -9999 -9999 -9999 -9999 -9999 22.36068 14.14214 10 0 10 14.14214 22.36068 28.28427 36.05551 42.42641 50 58.30952 67.08204 76.15773 85.44004 94.86833 104.4031 114.0175 122.0656 128.0625 134.5362 141.4214 139.2839 134.5362 127.2792 120.4159 114.0175
-9999 -9999 -9999 -9999 -9999 -9999 -9999 -9999 -9999 -9999 -9999 -9999 -9999 -9999 -9999 -9999 -9999 -9999 -9999 -9999 -9999 -9999 -9999 -9999 -9999 -9999 -9999 -9999 -9999 -9999 -9999 -9999 -9999 -9999 -9999 -9999 -9999 -9999 -9999 -9999 -9999 -9999 -9999 -9999 -9999 -9999 -9999 -9999 28.28427 22.36068 14.14214 10 0 10 14.14214 22.36068 28.28427 36.05551 44.72136 53.85165 63.24555 72.8011 82.46211 92.19544 101.9804 111.8034 121.6553 131.5295 138.9244 134.1641 130 126.4911 120.4159 113.1371 106.3015
-9999 -9999 -9999 -9999 -9999 -9999 -9999 -9999 -9999 -9999 -9999 -9999 -9999 -9999 -9999 -9999 -9999 -9999 -9999 -9999 -9999 -9999 -9999 -9999 -9999 -9999 -9999 -9999 -9999 -9999 -9999 -9999 -9999 -9999 -9999 -9999 -9999 -9999 -9999 -9999 -9999 -9999 -9999 -9999 -9999 -9999 -9999 -9999 36.05551 28.28427 22.36068 14.14214 10 0 10 14.14214 22.36068 31.62278 41.23106 50.9902 60.82763 70.71068 80.62257 90.55385 100.4988 110.4536 120.4159 127.2792 130 125.2996 120.8305 117.047 113.1371 106.3015 98.99495
-9999 -9999 -9999 -9999 -9999 -9999 -9999 -9999 -9999 -9999 -9999 -9999 -9999 -9999 -9999 -9999 -9999 -9999 -9999 -9999 -9999 -9999 -9999 -9999 -9999 -9999 -9999 -9999 -9999 -9999 -9999 -9999 -9999 -9999 -9999 -9999 -9999 -9999 -9999 -9999 -9999 -9999 -9999 -9999 -9999 -9999 -9999 50 42.42641 36.05551 28.28427 22.36068 14.14214 10 0 10 20 30 40 50 60 70 80 90 98.99495 106.3015 113.1371 120.4159 120.8305 116.619 111.8034 107.7033 104.4031 98.99495 92.19544
-9999 -9999 -9999 -9999 -9999 -9999 -9999 -9999 -9999 -9999 -9999 -9999 -9999 -9999 -9999 -9999 -9999 -9999 -9999 -9999 -9999 -9999 -9999 -9999 -9999 -9999 -9999 -9999 -9999 -9999 -9999 -9999 -9999 -9999 -9999 -9999 -9999 -9999 -9999 -9999 -9999 -9999 -9999 -9999 -9999 -9999 -9999 56.56854 50 42.42641 36.05551 28.28427 20 10 0 10 20 30 40 50 60 70 78.10249 84.85281 92.19544 98.99495 106.3015 114.0175 111.8034 107.7033 102.9563 98.48858 94.86833 92.19544 84.85281
-9999 -9999 -9999 -9999 -9999 -9999 -9999 -9999 -9999 -9999 -9999 -9999 -9999 -9999 -9999 -9999 -9999 -9999 -9999 -9999 -9999 -9999 -9999 -9999 -9999 -9999 -9999 -9999 -9999 -9999 -9999 -9999 -9999 -9999 -9999 -9999 -9999 -9999 -9999 -9999 -9999 -9999 -9999 -9999 -9999 -9999 -9999 64.03124 56.56854 50 40 30 20 10 0 10 20 30 40 50 56.56854 64.03124 70.71068 78.10249 84.85281 92.19544 100 108.1665 102.9563 98.48858 94.33981 89.44272 85.44004 82.46211 78.10249
-9999 -9999 -9999 -9999 -9999 -9999 -9999 -9999 -9999 -9999 -9999 -9999 -9999 -9999 -9999 -9999 -9999 -9999 -9999 -9999 -9999 -9999 -9999 -9999 -9999 -9999 -9999 -9999 -9999 -9999 -9999 -9999 -9999 -9999 -9999 -9999 -9999 -9999 -9999 -9999 -9999 -9999 -9999 -9999 -9999 -9999 78.10249 70 60 50 40 30 20 10 0 10 20 28.28427 36.05551 42.42641 50 56.56854 64.03124 70.71068 78.10249 86.02325 94.33981 100 94.33981 89.44272 85.44004 80.62257 76.15773 72.8011 70.71068
-9999 -9999 -9999 -9999 -9999 -9999 -9999 -9999 -9999 -9999 -9999 -9999 -9999 -9999 -9999 -9999 -9999 -9999 -9999 -9999 -9999 -9999 -9999 -9999 -9999 -9999 -9999 -9999 -9999 -9999 -9999 -9999 -9999 -9999 -9999 -9999 -9999 -9999 -9999 -9999 -9999 -9999 -9999 -9999 -9999 -9999 80 70 60 50 40 30 20 10 0 10 14.14214 22.36068 28.28427 36.05551 42.42641 50 56.56854 64.03124 72.11102 80.62257 89.44272 92.19544 86.02325 80.62257 76.15773 72.11102 67.08204 63.24555 60.82763
-9999 -9999 -9999 -9999 -9999 -9999 -9999 -9999 -9999 -9999 -9999 -9999 -9999 -9999 -9999 -9999 -9999 -9999 -9999 -9999 -9999 -9999 -9999 -9999 -9999 -9999 -9999 -9999 -9999 -9999 -9999 -9999 -9999 -9999 -9999 -9999 -9999 -9999 -9999 -9999 -9999 -9999 -9999 -9999 -9999 -9999 80.62257 70.71068 60.82763 50.9902 41.23106 31.62278 22.36068 14.14214 10 0 10 14.14214 22.36068 28.28427 36.05551 42.42641 50 58.30952 67.08204 76.15773 85.44004 84.85281 78.10249 72.11102 67.08204 63.24555 58.30952 53.85165 50.9902
-9999 -9999 -9999 -9999 -9999 -9999 -9999 -9999 -9999 -9999 -9999 -9999 -9999 -9999 -9999 -9999 -9999 -9999 -9999 -9999 -9999 -9999 -9999 -9999 -9999 -9999 -9999 -9999 -9999 -9999 -9999 -9999 -9999 -9999 -9999 -9999 -9999 -9999 -9999 -9999 -9999 -9999 -9999 -9999 -9999 84.85281 82.46211 72.8011 63.24555 53.85165 44.72136 36.05551 28.28427 20 10 0 0 10 14.14214 22.36068 28.28427 36.05551 44.72136 53.85165 63.24555 72.8011 82.46211 78.10249 70.71068 64.03124 58.30952 53.85165 50 44.72136 41.23106
-9999 -9999 -9999 -9999 -9999 -9999 -9999 -9999 -9999 -9999 -9999 -9999 -9999 -9999 -9999 -9999 -9999 -9999 -9999 -9999 -9999 -9999 -9999 -9999 -9999 -9999 -9999 -9999 -9999 -9999 -9999 -9999 -9999 -9999 -9999 -9999 -9999 -9999 -9999 -9999 -9999 -9999 -9999 -9999 -9999 78.10249 85.44004 76.15773 67.08204 58.30952 50 41.23106 31.62278 22.36068 14.14214 10 0 0 10 14.14214 22.36068 31.62278 41.23106 50.9902 60.82763 70.71068 78.10249 70.71068 64.03124 56.56854 50 44.72136 41.23106 36.05551 31.62278
-9999 -9999 -9999 -9999 -9999 -9999 -9999 -9999 -9999 -9999 -9999 -9999 -9999 -9999 -9999 -9999 -9999 -9999 -9999 -9999 -9999 -9999 -9999 -9999 -9999 -9999 -9999 -9999 -9999 -9999 -9999 -9999 -9999 -9999 -9999 -9999 -9999 -9999 -9999 -9999 -9999 -9999 -9999 -9999 64.03124 72.11102 80.62257 80.62257 72.11102 63.24555 53.85165 44.72136 36.05551 28.28427 22.36068 14.14214 10 0 0 10 20 30 40 50 60 70 70.71068 64.03124 56.56854 50 42.42641 36.05551 31.62278 28.28427 22.36068
-9999 -9999 -9999 -9999 -9999 -9999 -9999 -9999 -9999 -9999 -9999 -9999 -9999 -9999 -9999 -9999 -9999 -9999 -9999 -9999 -9999 -9999 -9999 -9999 -9999 -9999 -9999 -9999 -9999 -9999 -9999 -9999 -9999 -9999 -9999 -9999 -9999 -9999 -9999 -9999 -9999 -9999 -9999 -9999 58.30952 67.08204 76.15773 85.44004 76.15773 67.08204 58.30952 50 42.42641 36.05551 28.28427 22.36068 14.14214 10 0 10 20 30 40 50 60 70 64.03124 56.56854 50 42.42641 36.05551 28.28427 22.36068 20 14.14214
-9999 -9999 -9999 -9999 -9999 -9999 -9999 -9999 -9999 -9999 -9999 -9999 -9999 -9999 -9999 -9999 -9999 -9999 -9999 -9999 -9999 -9999 -9999 -9999 -9999 -9999 -9999 -9999 -9999 -9999 -9999 64.03124 56.56854 50 44.72136 -9999 -9999 -9999 -9999 -9999 -9999 -9999 -9999 44.72136 53.85165 63.24555 72.8011 82.46211 80.62257 72.11102 64.03124 56.56854 50 42.42641 36.05551 28.28427 22.36068 14.14214 10 14.14214 22.36068 31.62278 41.23106 50.9902 60.82763 64.03124 56.56854 50 42.42641 36.05551 28.28427 22.36068 14.14214 10 10
-9999 -9999 -9999 -9999 -9999 -9999 -9999 -9999 -9999 -9999 -9999 -9999 -9999 -9999 -9999 -9999 -9999 -9999 -9999 -9999 -9999 -9999 -9999 -9999 -9999 -9999 -9999 -9999 85.44004 76.15773 67.08204 58.30952 50 42.42641 36.05551 -9999 -9999 -9999 -9999 -9999 -9999 -9999 31.62278 41.23106 50.9902 60.82763 70.71068 80.62257 86.02325 78.10249 70.71068 64.03124 56.56854 50 42.42641 36.05551 28.28427 22.36068 20 22.36068 28.28427 36.05551 44.72136 53.85165 63.24555 56.56854 50 42.42641 36.05551 28.28427 22.36068 14.14214 10 0 0
-9999 -9999 -9999 -9999 -9999 -9999 -9999 -9999 -9999 -9999 -9999 -9999 -9999 -9999 -9999 -9999 -9999 -9999 -9999 -9999 -9999 -9999 -9999 -9999 -9999 107.7033 100 92.19544 -9999 -9999 -9999 -9999 -9999 -9999 -9999 -9999 -9999 -9999 -9999 -9999 -9999 20 30 40 50 60 70 80 90 84.85281 78.10249 70.71068 64.03124 56.56854 50 42.42641 36.05551 31.62278 30 31.62278 36.05551 42.42641 50 58.30952 56.56854 50 42.42641 36.05551 28.28427 22.36068 14.14214 10 0 0 10
-9999 -9999 -9999 -9999 -9999 -9999 -9999 -9999 -9999 -9999 -9999 -9999 -9999 -9999 -9999 -9999 -9999 -9999 -9999 -9999 -9999 -9999 -9999 -9999 -9999 -9999 -9999 -9999 -9999 -9999 -9999 -9999 -9999 -9999 -9999 -9999 -9999 -9999 -9999 -9999 10 20 30 40 50 60 70 80 90 92.19544 84.85281 78.10249 70.71068 64.03124 56.56854 50 44.72136 41.23106 40 41.23106 44.72136 50 56.56854 56.56854 50 42.42641 36.05551 28.28427 22.36068 14.14214 10 0 0 10 14.14214
-9999 -9999 -9999 -9999 -9999 -9999 -9999 -9999 -9999 -9999 -9999 -9999 -9999 -9999 -9999 -9999 -9999 -9999 -9999 -9999 -9999 -9999 -9999 -9999 -9999 -9999 -9999 -9999 -9999 -9999 -9999 -9999 -9999 -9999 -9999 -9999 -9999 0 0 10 14.14214 22.36068 31.62278 41.23106 50.9902 60.82763 70.71068 80.62257 90.55385 98.99495 92.19544 84.85281 78.10249 70.71068 64.03124 58.30952 53.85165 50.9902 50 50.9902 53.85165 58.30952 56.56854 50 42.42641 36.05551 28.28427 22.36068 14.14214 10 0 10 10 14.14214 22.36068
-9999 -9999 -9999 -9999 -9999 -9999 -9999 -9999 -9999 -9999 -9999 -9999 -9999 -9999 -9999 -9999 -9999 -9999 -9999 -9999 -9999 -9999 -9999 -9999 -9999 -9999 -9999 -9999 -9999 -9999 -9999 -9999 -9999 -9999 -9999 -9999 -9999 10 0 10 20 28.28427 36.05551 44.72136 53.85165 63.24555 72.8011 82.46211 92.19544 101.9804 98.99495 92.19544 84.85281 78.10249 72.11102 67.08204 63.24555 60.82763 60 60.82763 63.24555 56.56854 50 42.42641 36.05551 28.28427 22.36068 14.14214 10 0 10 14.14214 20 22.36068 28.28427
-9999 -9999 -9999 -9999 -9999 -9999 -9999 -9999 -9999 -9999 -9999 -9999 -9999 -9999 -9999 -9999 -9999 -9999 -9999 -9999 -9999 -9999 -9999 -9999 -9999 -9999 -9999 -9999 -9999 -9999 -9999 -9999 -9999 -9999 -9999 -9999 -9999 -9999 0 10 20 30 40 50 58.30952 67.08204 76.15773 85.44004 94.86833 104.4031 106.3015 98.99495 92.19544 86.02325 80.62257 76.15773 72.8011 70.71068 70 64.03124 56.56854 50 42.42641 36.05551 28.28427 22.36068 14.14214 10 0 10 14.14214 22.36068 28.28427 31.62278 36.05551
-9999 -9999 -9999 -9999 -9999 -9999 -9999 -9999 -9999 -9999 -9999 -9999 -9999 -9999 -9999 -9999 -9999 -9999 -9999 -9999 -9999 -9999 -9999 -9999 -9999 -9999 -9999 -9999 -9999 -9999 -9999 -9999 -9999 -9999 -9999 -9999 -9999 -9999 0 10 20 30 40 50 60 70 80 89.44272 98.48858 107.7033 113.1371 106.3015 100 94.33981 89.44272 85.44004 82.46211 76.15773 67.08204 58.30952 50 42.42641 36.05551 28.28427 22.36068 14.14214 10 0 10 14.14214 22.36068 28.28427 36.05551 41.23106 44.72136
-9999 -9999 -9999 -9999 -9999 -9999 -9999 -9999 -9999 -9999 -9999 -9999 -9999 -9999 -9999 -9999 -9999 -9999 -9999 -9999 -9999 -9999 -9999 -9999 -9999 -9999 -9999 -9999 -9999 -9999 -9999 -9999 -9999 -9999 -9999 -9999 10 0 0 10 20 30 40 50 60 70 80 90 100 110 120 114.0175 108.1665 102.9563 98.48858 92.19544 82.46211 72.8011 63.24555 53.85165 44.72136 36.05551 28.28427 22.36068 14.14214 10 0 10 14.14214 22.36068 28.28427 36.05551 42.42641 50 53.85165
-9999 -9999 -9999 -9999 -9999 -9999 -9999 -9999 -9999 -9999 -9999 -9999 -9999 -9999 -9999 -9999 -9999 123.6932 114.0175 104.4031 94.86833 85.44004 -9999 -9999 -9999 -9999 -9999 -9999 -9999 -9999 -9999 -9999 14.14214 10 0 10 10 0 0 10 20 30 40 50 60 70 80 90 98.99495 106.3015 113.1371 120.4159 116.619 110.4536 100.4988 90.55385 80.62257 70.71068 60.82763 50.9902 41.23106 31.62278 22.36068 14.14214 10 0 10 14.14214 22.36068 28.28427 36.05551 42.42641 50 56.56854 63.24555
-9999 -9999 -9999 -9999 -9999 -9999 -9999 -9999 -9999 -9999 -9999 -9999 -9999 -9999 -9999 141.4214 131.5295 121.6553 111.8034 101.9804 92.19544 82.46211 -9999 -9999 -9999 -9999 -9999 -9999 -9999 -9999 -9999 20 10 0 0 10 10 0 0 10 20 30 40 50 60 70 78.10249 84.85281 92.19544 98.99495 106.3015 113.1371 120 110 100 90 80 70 60 50 40 30 20 10 0 10 14.14214 22.36068 28.28427 36.05551 42.42641 50 56.56854 64.03124 70.71068
-9999 -9999 -9999 -9999 -9999 -9999 -9999 -9999 -9999 -9999 -9999 -9999 -9999 -9999 150.333 140.3567 130.384 120.4159 110.4536 100.4988 90.55385 80.62257 70.71068 -9999 -9999 41.23106 -9999 -9999 -9999 -9999 -9999 20 10 0 10 14.14214 10 0 0 10 20 30 40 50 56.56854 64.03124 70.71068 78.10249 84.85281 92.19544 98.99495 106.3015 113.1371 110 100 90 80 70 60 50 40 30 20 10 0 10 20 28.28427 36.05551 42.42641 50 56.56854 64.03124 70.71068 78.10249
-9999 -9999 -9999 -9999 -9999 -9999 -9999 -9999 -9999 -9999 -9999 -9999 -9999 160 150 140 130 120 110 100 90 80 70 60 50 40 30 -9999 -9999 -9999 -9999 14.14214 10 0 10 20 10 0 0 10 20 28.28427 36.05551 42.42641 50 56.56854 64.03124 70.71068 78.10249 84.85281 92.19544 98.99495 106.3015 110.4536 100.4988 90.55385 80.62257 70.71068 60.82763 50.9902 41.23106 31.62278 22.36068 14.14214 10 14.14214 22.36068 31.62278 41.23106 50 56.56854 64.03124 70.71068 78.10249 84.85281
-9999 -9999 -9999 -9999 -9999 -9999 -9999 -9999 -9999 -9999 -9999 -9999 170 160 150 140 130 120 110 100 90 80 70 60 50 40 30 20 -9999 -9999 10 10 0 10 14.14214 20 10 0 0 10 14.14214 22.36068 28.28427 36.05551 42.42641 50 56.56854 64.03124 70.71068 78.10249 84.85281 92.19544 98.99495 106.3015 101.9804 92.19544 82.46211 72.8011 63.24555 53.85165 44.72136 36.05551 28.28427 22.36068 20 22.36068 28.28427 36.05551 44.72136 53.85165 63.24555 70.71068 78.10249 84.85281 92.19544
-9999 -9999 -9999 -9999 -9999 -9999 111.8034 120.8305 -9999 139.2839 148.6607 158.1139 167.6305 160 150 140 130 120 110 100 90 80 70 60 50 40 30 20 10 0 0 10 0 10 20 20 10 0 10 0 10 14.14214 22.36068 28.28427 36.05551 42.42641 50 56.56854 64.03124 70.71068 78.10249 84.85281 92.19544 98.99495 104.4031 94.86833 85.44004 76.15773 67.08204 58.30952 50 42.42641 36.05551 31.62278 30 31.62278 36.05551 42.42641 50 58.30952 67.08204 76.15773 84.85281 92.19544 98.99495
-9999 -9999 -9999 -9999 -9999 -9999 107.7033 117.047 126.4911 136.0147 145.6022 155.2417 164.9242 160 150 140 130 120 110 100 90 80 70 60 50 40 30 20 10 0 0 0 0 10 20 20 10 0 10 10 0 10 14.14214 22.36068 28.28427 36.05551 42.42641 50 56.56854 64.03124 70.71068 78.10249 84.85281 92.19544 98.99495 98.48858 89.44272 80.62257 72.11102 64.03124 56.56854 50 44.72136 41.23106 40 41.23106 44.72136 50 56.56854 64.03124 72.11102 80.62257 89.44272 98.48858 106.3015
-9999 -9999 -9999 -9999 -9999 -9999 104.4031 114.0175 123.6932 133.4166 143.1782 152.9706 162.7882 160 150 140 130 120 110 100 90 80 70 60 50 40 30 20 10 0 0 0 0 10 20 20 10 0 10 14.14214 10 0 10 14.14214 22.36068 28.28427 36.05551 42.42641 50 56.56854 64.03124 70.71068 78.10249 84.85281 92.19544 100 94.33981 86.02325 78.10249 70.71068 64.03124 58.30952 53.85165 50.9902 50 50.9902 53.85165 58.30952 64.03124 70.71068 78.10249 86.02325 94.33981 102.9563 111.8034
-9999 -9999 -9999 -9999 -9999 -9999 101.9804 111.8034 121.6553 131.5295 141.4214 151.3275 161.2451 160 150 140 130 120 110 100 90 80 70 60 50 40 30 20 10 0 0 0 0 10 20 20 10 0 10 20 14.14214 10 0 10 14.14214 22.36068 28.28427 36.05551 42.42641 50 56.56854 64.03124 70.71068 78.10249 86.02325 94.33981 100 92.19544 84.85281 78.10249 72.11102 67.08204 63.24555 60.82763 60 60.82763 63.24555 67.08204 72.11102 78.10249 84.85281 92.19544 100 108.1665 116.619
-9999 -9999 -9999 -9999 -9999 -9999 100.4988 110.4536 120.4159 130.384 140.3567 150.333 160.3122 160 150 140 130 120 110 100 90 80 70 60 50 40 30 20 10 0 0 0 0 10 20 20 10 0 10 20 22.36068 14.14214 10 0 10 14.14214 22.36068 28.28427 36.05551 42.42641 50 56.56854 64.03124 72.11102 80.62257 89.44272 98.48858 98.99495 92.19544 86.02325 80.62257 76.15773 72.8011 70.71068 70 70.71068 72.8011 76.15773 80.62257 86.02325 92.19544 98.99495 106.3015 114.0175 122.0656
