dist_drain.asc
ncols         469
nrows         365
xllcorner     198538.8800233
yllcorner     438669.69527598
cellsize      10
NODATA_value  -9999
[rows 66 to 98 of 365, columns 300 to 374 of 469]
136.0147 144.222 150.333 150 150 150.333 151.3275 152.9706 155.2417 158.1139 161.5549 165.5294 164.0122 158.1139 152.6434 147.6482 143.1782 139.2839 136.0147 133.4166 131.5295 130.384 130 130 130.384 131.5295 133.4166 136.0147 133.4166 131.5295 130.384 130 130.384 131.5295 133.4166 136.0147 138.9244 134.1641 130 126.4911 123.6932 121.6553 120.4159 -9999 -9999 -9999 -9999 -9999 130 134.1641 136.0147 126.4911 117.047 107.7033 98.48858 89.44272 80.62257 72.11102 64.03124 56.56854 50 44.72136 41.23106 40 40 40 40 40 40 40 40 36.05551 28.28427 22.36068 20
142.1267 141.4214 140.3567 140 140 140.3567 141.4214 143.1782 145.6022 148.6607 152.3155 156.5248 156.205 150 144.222 138.9244 134.1641 130 126.4911 123.6932 121.6553 120.4159 120 120 120.4159 121.6553 123.6932 126.4911 123.6932 121.6553 120.4159 120 120.4159 121.6553 123.6932 126.4911 130 134.1641 138.9244 136.0147 133.4166 131.5295 130.384 -9999 -9999 -9999 -9999 136.0147 139.2839 143.1782 133.4166 123.6932 114.0175 104.4031 94.86833 85.44004 76.15773 67.08204 58.30952 50 42.42641 36.05551 31.62278 30 30 30 30 30 30 30 30 30 30 30 30
133.4166 131.5295 130.384 130 130 130.384 131.5295 133.4166 136.0147 139.2839 143.1782 147.6482 148.6607 142.1267 136.0147 130.384 125.2996 120.8305 117.047 114.0175 111.8034 110.4536 110 110 110.4536 111.8034 114.0175 117.047 114.0175 111.8034 110.4536 110 110.4536 111.8034 114.0175 117.047 120.8305 125.2996 130.384 136.0147 142.1267 141.4214 140.3567 140 -9999 -9999 -9999 145.6022 148.6607 141.4214 131.5295 121.6553 111.8034 101.9804 92.19544 82.46211 72.8011 63.24555 53.85165 44.72136 36.05551 28.28427 22.36068 20 20 20 20 20 20 20 20 20 20 20 20
123.6932 121.6553 120.4159 120 120 120.4159 121.6553 123.6932 126.4911 130 134.1641 138.9244 141.4214 134.5362 128.0625 122.0656 116.619 111.8034 107.7033 104.4031 101.9804 100.4988 100 100 100.4988 101.9804 104.4031 107.7033 104.4031 101.9804 100.4988 100 100.4988 101.9804 104.4031 107.7033 111.8034 116.619 122.0656 128.0625 134.5362 141.4214 148.6607 150 150.333 151.3275 152.9706 155.2417 150.333 140.3567 130.384 120.4159 110.4536 100.4988 90.55385 80.62257 70.71068 60.82763 50.9902 41.23106 31.62278 22.36068 14.14214 10 10 10 10 10 10 10 10 10 10 10 10
114.0175 111.8034 110.4536 110 110 110.4536 111.8034 114.0175 117.047 120.8305 125.2996 130 134.1641 127.2792 120.4159 114.0175 108.1665 102.9563 98.48858 94.86833 92.19544 90.55385 90 90 90.55385 92.19544 94.86833 98.48858 94.86833 92.19544 90.55385 90 90.55385 92.19544 94.86833 98.48858 102.9563 108.1665 114.0175 120.4159 127.2792 134.5362 142.1267 150 150.333 150 150.333 151.3275 150 140 130 120 110 100 90 80 70 60 50 40 30 20 10 0 0 0 0 0 0 0 0 0 0 0 0
104.4031 101.9804 100.4988 100 100 100.4988 101.9804 104.4031 107.7033 111.8034 116.619 120.8305 125.2996 120.4159 113.1371 106.3015 100 94.33981 89.44272 85.44004 82.46211 80.62257 80 80 80.62257 82.46211 85.44004 89.44272 85.44004 82.46211 80.62257 80 80.62257 82.46211 85.44004 89.44272 94.33981 100 106.3015 113.1371 120.4159 128.0625 136.0147 141.4214 140.3567 140 140.3567 141.4214 143.1782 140.3567 130.384 120.4159 110.4536 100.4988 90.55385 80.62257 70.71068 60.82763 50.9902 41.23106 31.62278 22.36068 14.14214 10 10 10 10 10 10 10 10 10 10 10 0
94.86833 92.19544 90.55385 90 90 90.55385 92.19544 94.86833 98.48858 102.9563 107.7033 111.8034 116.619 114.0175 106.3015 98.99495 92.19544 86.02325 80.62257 76.15773 72.8011 70.71068 70 70 70.71068 72.8011 76.15773 80.62257 76.15773 72.8011 70.71068 70 70.71068 72.8011 76.15773 80.62257 86.02325 92.19544 98.99495 106.3015 114.0175 122.0656 130.384 131.5295 130.384 130 130.384 131.5295 133.4166 136.0147 131.5295 121.6553 111.8034 101.9804 92.19544 82.46211 72.8011 63.24555 53.85165 44.72136 36.05551 28.28427 22.36068 20 20 20 20 20 20 20 20 20 20 14.14214 10
85.44004 82.46211 80.62257 80 80 80.62257 82.46211 85.44004 89.44272 94.33981 98.48858 102.9563 108.1665 108.1665 100 92.19544 84.85281 78.10249 72.11102 67.08204 63.24555 60.82763 60 60 60.82763 63.24555 67.08204 72.11102 67.08204 63.24555 60.82763 60 60.82763 63.24555 67.08204 72.11102 78.10249 84.85281 92.19544 100 108.1665 116.619 123.6932 121.6553 120.4159 120 120.4159 121.6553 123.6932 126.4911 130 123.6932 114.0175 104.4031 94.86833 85.44004 76.15773 67.08204 58.30952 50 42.42641 36.05551 31.62278 30 30 30 30 30 30 30 30 30 28.28427 22.36068 20
76.15773 72.8011 70.71068 70 70 70.71068 72.8011 76.15773 80.62257 85.44004 89.44272 94.33981 100 102.9563 94.33981 86.02325 78.10249 70.71068 64.03124 58.30952 53.85165 50.9902 50 50 50.9902 53.85165 58.30952 64.03124 58.30952 53.85165 50.9902 50 50.9902 53.85165 58.30952 64.03124 70.71068 78.10249 86.02325 94.33981 102.9563 111.8034 114.0175 111.8034 110.4536 110 110.4536 111.8034 114.0175 117.047 120.8305 125.2996 117.047 107.7033 98.48858 89.44272 80.62257 72.11102 64.03124 56.56854 50 44.72136 41.23106 40 40 40 40 40 40 40 40 40 36.05551 31.62278 30
67.08204 63.24555 60.82763 60 60 60.82763 63.24555 67.08204 72.11102 76.15773 80.62257 86.02325 92.19544 98.48858 89.44272 80.62257 72.11102 64.03124 56.56854 50 44.72136 41.23106 40 40 41.23106 44.72136 50 56.56854 50 44.72136 41.23106 40 41.23106 44.72136 50 56.56854 64.03124 72.11102 80.62257 89.44272 98.48858 107.7033 104.4031 101.9804 100.4988 100 100.4988 101.9804 104.4031 107.7033 111.8034 116.619 120.8305 111.8034 102.9563 94.33981 86.02325 78.10249 70.71068 64.03124 58.30952 53.85165 50.9902 50 50 50 50 50 50 50 50 50 44.72136 41.23106 40
58.30952 53.85165 50.9902 50 50 50.9902 53.85165 58.30952 63.24555 67.08204 72.11102 78.10249 84.85281 92.19544 85.44004 76.15773 67.08204 58.30952 50 42.42641 36.05551 31.62278 30 30 31.62278 36.05551 42.42641 50 42.42641 36.05551 31.62278 30 31.62278 36.05551 42.42641 50 58.30952 67.08204 76.15773 85.44004 94.86833 98.48858 94.86833 92.19544 90.55385 90 90.55385 92.19544 94.86833 98.48858 102.9563 108.1665 114.0175 116.619 108.1665 100 92.19544 84.85281 78.10249 72.11102 67.08204 63.24555 60.82763 60 60 60 60 60 60 60 60 58.30952 53.85165 50.9902 50
50 44.72136 41.23106 40 40 41.23106 44.72136 50 53.85165 58.30952 64.03124 70.71068 78.10249 84.85281 82.46211 72.8011 63.24555 53.85165 44.72136 36.05551 28.28427 22.36068 20 20 22.36068 28.28427 36.05551 42.42641 36.05551 28.28427 22.36068 20 22.36068 28.28427 36.05551 44.72136 53.85165 63.24555 72.8011 82.46211 92.19544 89.44272 85.44004 82.46211 80.62257 80 80.62257 82.46211 85.44004 89.44272 94.33981 100 106.3015 113.1371 114.0175 106.3015 98.99495 92.19544 86.02325 80.62257 76.15773 72.8011 70.71068 70 70 70 70 70 70 70 70 67.08204 63.24555 60.82763 60
42.42641 36.05551 31.62278 30 30 31.62278 36.05551 41.23106 44.72136 50 56.56854 64.03124 70.71068 78.10249 80.62257 70.71068 60.82763 50.9902 41.23106 31.62278 22.36068 14.14214 10 10 14.14214 22.36068 28.28427 36.05551 31.62278 22.36068 14.14214 10 14.14214 22.36068 31.62278 41.23106 50.9902 60.82763 70.71068 80.62257 86.02325 80.62257 76.15773 72.8011 70.71068 70 70.71068 72.8011 76.15773 80.62257 86.02325 92.19544 98.99495 106.3015 114.0175 113.1371 106.3015 100 94.33981 89.44272 85.44004 82.46211 80.62257 80 80 80 80 80 80 80 80 76.15773 72.8011 70.71068 70
36.05551 28.28427 22.36068 20 20 22.36068 28.28427 31.62278 36.05551 42.42641 50 56.56854 64.03124 70.71068 78.10249 70 60 50 40 30 20 10 0 0 10 14.14214 22.36068 28.28427 30 20 10 0 10 20 30 40 50 60 70 80 78.10249 72.11102 67.08204 63.24555 60.82763 60 60.82763 63.24555 67.08204 72.11102 78.10249 84.85281 92.19544 100 108.1665 116.619 114.0175 108.1665 102.9563 98.48858 94.86833 92.19544 90.55385 90 90 90 90 90 90 90 89.44272 85.44004 82.46211 80.62257 80
31.62278 22.36068 14.14214 10 10 14.14214 20 22.36068 28.28427 36.05551 42.42641 50 56.56854 64.03124 70.71068 70.71068 60.82763 50.9902 41.23106 31.62278 22.36068 14.14214 10 0 0 10 14.14214 22.36068 28.28427 20 10 0 10 20 30 40 50 60 70 78.10249 70.71068 64.03124 58.30952 53.85165 50.9902 50 50.9902 53.85165 58.30952 64.03124 70.71068 78.10249 86.02325 94.33981 102.9563 111.8034 120.8305 116.619 111.8034 107.7033 104.4031 101.9804 100.4988 100 100 100 100 100 100 100 98.48858 94.86833 92.19544 90.55385 90
30 20 10 0 0 10 10 14.14214 22.36068 28.28427 36.05551 42.42641 50 56.56854 63.24555 67.08204 63.24555 53.85165 44.72136 36.05551 28.28427 22.36068 14.14214 10 0 0 10 14.14214 22.36068 20 10 0 10 20 30 40 50 60 70 72.11102 64.03124 56.56854 50 44.72136 41.23106 40 41.23106 44.72136 50 56.56854 64.03124 72.11102 80.62257 89.44272 98.48858 107.7033 117.047 125.2996 120.8305 117.047 114.0175 111.8034 110.4536 110 110 110 110 110 110 110 107.7033 104.4031 101.9804 100.4988 100
31.62278 22.36068 14.14214 10 10 0 0 10 14.14214 22.36068 28.28427 36.05551 42.42641 50 53.85165 58.30952 63.24555 58.30952 50 42.42641 36.05551 28.28427 22.36068 14.14214 10 0 0 10 14.14214 20 10 0 10 20 30 40 50 60 70 67.08204 58.30952 50 42.42641 36.05551 31.62278 30 31.62278 36.05551 42.42641 50 58.30952 67.08204 76.15773 85.44004 94.86833 104.4031 114.0175 123.6932 130 126.4911 123.6932 121.6553 120.4159 120 120 120 120 120 120 120 117.047 114.0175 111.8034 110.4536 110
36.05551 28.28427 22.36068 20 14.14214 10 0 0 10 14.14214 22.36068 28.28427 36.05551 41.23106 44.72136 50 53.85165 58.30952 56.56854 50 42.42641 36.05551 28.28427 22.36068 14.14214 10 0 0 10 14.14214 10 0 10 20 30 40 50 60 70 63.24555 53.85165 44.72136 36.05551 28.28427 22.36068 20 22.36068 28.28427 36.05551 44.72136 53.85165 63.24555 72.8011 82.46211 92.19544 101.9804 111.8034 121.6553 131.5295 136.0147 133.4166 131.5295 130.384 130 130 130 130 130 130 130 126.4911 123.6932 121.6553 120.4159 120
42.42641 36.05551 31.62278 28.28427 22.36068 14.14214 10 0 0 10 14.14214 22.36068 28.28427 31.62278 36.05551 41.23106 44.72136 50 53.85165 56.56854 50 42.42641 36.05551 28.28427 22.36068 14.14214 10 0 0 10 10 0 10 20 30 40 50 60 70 60.82763 50.9902 41.23106 31.62278 22.36068 14.14214 10 14.14214 22.36068 31.62278 41.23106 50.9902 60.82763 70.71068 80.62257 90.55385 100.4988 110.4536 120.4159 130.384 140.3567 143.1782 141.4214 140.3567 140 140 140 140 140 140 139.2839 136.0147 133.4166 131.5295 130.384 130
50 44.72136 41.23106 36.05551 28.28427 22.36068 14.14214 10 0 0 10 14.14214 20 22.36068 28.28427 31.62278 36.05551 41.23106 44.72136 50 53.85165 50 42.42641 36.05551 28.28427 22.36068 14.14214 10 0 0 10 0 10 20 30 40 50 60 64.03124 56.56854 50 40 30 20 10 0 10 20 30 40 50 60 70 80 90 100 110 120 130 140 150 151.3275 150.333 150 150 150 150 150 150 148.6607 145.6022 143.1782 141.4214 140.3567 140
58.30952 53.85165 50 42.42641 36.05551 28.28427 22.36068 14.14214 10 0 0 10 10 14.14214 20 22.36068 28.28427 31.62278 36.05551 41.23106 44.72136 50 50 42.42641 36.05551 28.28427 22.36068 14.14214 10 10 0 0 10 20 30 40 50 60 56.56854 50 42.42641 36.05551 28.28427 20 10 0 10 20 30 40 50 60 70 80 90 100 110 120 130 140 150 160 160.3122 160 160 160 160 160 160 158.1139 155.2417 152.9706 151.3275 150.333 150
67.08204 63.24555 56.56854 50 42.42641 36.05551 28.28427 22.36068 14.14214 10 10 0 0 10 10 14.14214 20 22.36068 28.28427 31.62278 36.05551 40 40 40 41.23106 36.05551 28.28427 22.36068 20 10 0 0 10 20 30 40 50 56.56854 50 42.42641 36.05551 28.28427 22.36068 14.14214 10 0 10 20 30 40 50 60 70 80 90 100 110 120 130 140 150 160 170 170 170 170 170 170 170 167.6305 164.9242 162.7882 161.2451 160.3122 151.3275
76.15773 70.71068 64.03124 56.56854 50 42.42641 36.05551 28.28427 22.36068 20 14.14214 10 10 0 0 10 10 14.14214 20 22.36068 28.28427 30 30 30 31.62278 36.05551 36.05551 30 20 10 0 10 14.14214 22.36068 31.62278 41.23106 50.9902 50 42.42641 36.05551 28.28427 22.36068 14.14214 10 0 0 10 20 30 40 50 60 70 80 90 100 110 120 130 140 150 160 170 180 180 180 180 180 180 177.2005 174.6425 172.6268 170.2939 160.3122 150.333
84.85281 78.10249 70.71068 64.03124 56.56854 50 42.42641 36.05551 31.62278 28.28427 22.36068 20 14.14214 10 10 0 0 10 10 14.14214 20 20 20 20 22.36068 28.28427 30 30 20 10 0 10 20 28.28427 36.05551 44.72136 53.85165 44.72136 36.05551 28.28427 22.36068 14.14214 10 0 0 10 14.14214 22.36068 31.62278 41.23106 50.9902 60.82763 70.71068 80.62257 90.55385 100.4988 110.4536 120.4159 130.384 140.3567 150.333 160.3122 170.2939 180.2776 190 190 190 190 189.7367 186.8154 184.3909 180 170 160 150
92.19544 84.85281 78.10249 70.71068 64.03124 56.56854 50 44.72136 41.23106 36.05551 31.62278 28.28427 22.36068 20 14.14214 10 10 0 0 10 10 10 10 10 14.14214 20 20 20 20 10 0 10 20 30 40 50 50 41.23106 31.62278 22.36068 14.14214 10 0 0 10 14.14214 22.36068 28.28427 36.05551 44.72136 53.85165 63.24555 72.8011 82.46211 92.19544 101.9804 111.8034 121.6553 -9999 -9999 -9999 161.2451 171.1724 181.1077 191.0497 200 200 200 199.2486 196.4688 190.263 180.2776 170.2939 160.3122 150.333
98.99495 92.19544 84.85281 78.10249 70.71068 64.03124 58.30952 53.85165 50 44.72136 41.23106 36.05551 31.62278 28.28427 22.36068 20 14.14214 10 10 0 0 0 0 0 10 10 10 10 10 10 0 10 20 30 40 50 42.42641 36.05551 28.28427 20 10 0 0 10 14.14214 22.36068 28.28427 36.05551 42.42641 50 58.30952 67.08204 76.15773 85.44004 94.86833 104.4031 114.0175 -9999 -9999 -9999 -9999 -9999 -9999 182.4829 192.3538 202.2375 210 210 208.8061 200.9975 191.0497 181.1077 171.1724 161.2451 151.3275
94.86833 98.48858 92.19544 84.85281 78.10249 72.11102 67.08204 63.24555 58.30952 53.85165 50 44.72136 41.23106 36.05551 31.62278 28.28427 22.36068 20 14.14214 10 10 10 10 10 0 0 0 0 0 10 0 10 20 30 40 44.72136 36.05551 28.28427 22.36068 14.14214 10 0 10 14.14214 22.36068 28.28427 36.05551 42.42641 50 56.56854 64.03124 72.11102 80.62257 89.44272 98.48858 107.7033 117.047 -9999 -9999 -9999 -9999 -9999 -9999 -9999 194.1649 203.9608 213.7756 220 212.132 202.2375 192.3538 182.4829 172.6268 162.7882 152.9706
85.44004 89.44272 94.33981 92.19544 86.02325 80.62257 76.15773 72.11102 67.08204 63.24555 58.30952 53.85165 50 44.72136 41.23106 36.05551 31.62278 28.28427 22.36068 20 20 20 20 14.14214 10 10 10 10 10 0 0 10 20 28.28427 36.05551 41.23106 31.62278 22.36068 14.14214 10 0 0 10 20 28.28427 36.05551 42.42641 50 56.56854 64.03124 70.71068 78.10249 86.02325 94.33981 102.9563 111.8034 120.8305 -9999 -9999 -9999 -9999 -9999 -9999 -9999 196.4688 206.1553 215.8703 223.6068 213.7756 203.9608 194.1649 184.3909 174.6425 164.9242 155.2417
76.15773 80.62257 86.02325 92.19544 94.33981 89.44272 85.44004 80.62257 76.15773 72.11102 67.08204 63.24555 58.30952 53.85165 50 44.72136 41.23106 36.05551 31.62278 30 30 30 28.28427 22.36068 20 20 20 20 14.14214 10 0 10 14.14214 22.36068 28.28427 36.05551 30 20 -9999 0 0 10 14.14214 22.36068 31.62278 41.23106 50 56.56854 64.03124 70.71068 78.10249 84.85281 92.19544 100 108.1665 116.619 -9999 -9999 -9999 -9999 -9999 -9999 -9999 189.7367 199.2486 208.8061 218.4033 225.6103 215.8703 206.1553 196.4688 186.8154 177.2005 167.6305 158.1139
67.08204 72.11102 78.10249 84.85281 89.44272 94.33981 94.33981 89.44272 85.44004 80.62257 76.15773 72.11102 67.08204 63.24555 58.30952 53.85165 50 44.72136 41.23106 40 40 40 36.05551 31.62278 30 30 30 28.28427 22.36068 14.14214 10 0 10 14.14214 22.36068 31.62278 30 -9999 -9999 -9999 10 14.14214 22.36068 28.28427 36.05551 44.72136 53.85165 63.24555 70.71068 78.10249 84.85281 92.19544 98.99495 106.3015 114.0175 -9999 -9999 -9999 -9999 -9999 -9999 -9999 -9999 193.1321 202.4846 211.8962 221.3594 228.0351 218.4033 208.8061 199.2486 189.7367 180.2776 170.8801 161.5549
58.30952 64.03124 70.71068 76.15773 80.62257 86.02325 92.19544 98.48858 94.33981 89.44272 85.44004 80.62257 76.15773 72.11102 67.08204 63.24555 58.30952 53.85165 50.9902 50 50 50 44.72136 41.23106 40 40 40 36.05551 28.28427 22.36068 14.14214 10 0 10 -9999 -9999 -9999 -9999 -9999 -9999 14.14214 22.36068 28.28427 36.05551 42.42641 50 58.30952 67.08204 76.15773 84.85281 92.19544 98.99495 106.3015 113.1371 -9999 -9999 -9999 -9999 -9999 -9999 -9999 -9999 187.8829 196.9772 206.1553 215.4066 224.722 230.8679 221.3594 211.8962 202.4846 193.1321 183.8478 174.6425 165.5294
50 56.56854 63.24555 67.08204 72.11102 78.10249 84.85281 92.19544 98.48858 98.48858 94.33981 89.44272 85.44004 80.62257 76.15773 72.11102 67.08204 63.24555 60.82763 60 60 58.30952 53.85165 50.9902 50 50 50 42.42641 36.05551 28.28427 22.36068 14.14214 10 -9999 -9999 -9999 -9999 -9999 -9999 -9999 22.36068 28.28427 36.05551 42.42641 50 56.56854 64.03124 72.11102 80.62257 89.44272 98.48858 106.3015 113.1371 120.4159 127.2792 -9999 -9999 -9999 -9999 -9999 -9999 -9999 -9999 201.2461 210.238 219.3171 228.4732 234.094 224.722 215.4066 206.1553 196.9772 187.8829 178.8854 170
42.42641 50 53.85165 58.30952 64.03124 70.71068 78.10249 84.85281 89.44272 94.33981 100 98.48858 94.33981 89.44272 85.44004 80.62257 76.15773 72.8011 70.71068 70 70 67.08204 63.24555 60.82763 60 60 56.56854 50 42.42641 36.05551 28.28427 22.36068 20 -9999 -9999 -9999 -9999 -9999 -9999 -9999 31.62278 36.05551 42.42641 50 56.56854 64.03124 70.71068 78.10249 86.02325 94.33981 102.9563 111.8034 120.4159 127.2792 134.5362 141.4214 -9999 -9999 -9999 -9999 -9999 -9999 -9999 205.9126 214.7091 223.6068 232.5941 237.6973 228.4732 219.3171 210.238 201.2461 192.3538 183.5756 174.9286
