dist_drain.asc
ncols         469
nrows         365
xllcorner     198538.8800233
yllcorner     438669.69527598
cellsize      10
NODATA_value  -9999
[rows 165 to 197 of 365, columns 225 to 299 of 469]
20 28.28427 36.05551 44.72136 42.42641 36.05551 28.28427 22.36068 14.14214 10 0 10 20 30 40 50 60 70 80 90 100 101.9804 92.19544 82.46211 72.8011 63.24555 53.85165 44.72136 36.05551 28.28427 22.36068 20 20 20 20 20 14.14214 10 10 10 10 10 10 10 0 0 10 14.14214 22.36068 28.28427 31.62278 36.05551 42.42641 50 50 50.9902 53.85165 58.30952 64.03124 70.71068 78.10249 84.85281 92.19544 98.99495 106.3015 110.4536 100.4988 90.55385 80.62257 70.71068 60.82763 50.9902 41.23106 31.62278 -9999
14.14214 22.36068 31.62278 41.23106 36.05551 28.28427 22.36068 14.14214 10 0 10 14.14214 22.36068 31.62278 41.23106 50.9902 60.82763 70.71068 80.62257 90.55385 100.4988 104.4031 94.86833 85.44004 76.15773 67.08204 58.30952 50 42.42641 36.05551 31.62278 30 30 30 30 28.28427 22.36068 20 20 20 20 20 20 14.14214 10 0 0 10 14.14214 20 22.36068 28.28427 36.05551 40 40 41.23106 44.72136 50 56.56854 64.03124 70.71068 78.10249 84.85281 92.19544 98.99495 106.3015 100 90 80 70 60 50 40 30 20
10 20 30 36.05551 28.28427 22.36068 14.14214 10 0 10 14.14214 22.36068 28.28427 36.05551 44.72136 53.85165 63.24555 72.8011 82.46211 92.19544 101.9804 107.7033 98.48858 89.44272 80.62257 72.11102 64.03124 56.56854 50 44.72136 41.23106 40 40 40 40 36.05551 31.62278 30 30 30 30 30 28.28427 22.36068 14.14214 10 0 0 10 10 14.14214 22.36068 28.28427 30 30 31.62278 36.05551 42.42641 50 56.56854 64.03124 70.71068 78.10249 84.85281 92.19544 98.99495 100.4988 90.55385 80.62257 70.71068 60.82763 50.9902 41.23106 31.62278 22.36068
10 20 30 28.28427 22.36068 14.14214 10 0 10 14.14214 22.36068 28.28427 36.05551 42.42641 50 58.30952 67.08204 76.15773 85.44004 94.86833 104.4031 111.8034 102.9563 94.33981 86.02325 78.10249 70.71068 64.03124 58.30952 53.85165 50.9902 50 50 50 50 44.72136 41.23106 40 40 40 40 40 36.05551 28.28427 22.36068 14.14214 10 10 0 0 10 14.14214 20 20 20 22.36068 28.28427 36.05551 42.42641 50 56.56854 64.03124 70.71068 78.10249 84.85281 92.19544 98.99495 92.19544 82.46211 72.8011 63.24555 53.85165 44.72136 36.05551 28.28427
10 20 28.28427 22.36068 14.14214 10 0 10 14.14214 22.36068 28.28427 36.05551 42.42641 50 56.56854 64.03124 72.11102 80.62257 89.44272 98.48858 101.9804 104.4031 107.7033 100 92.19544 84.85281 78.10249 72.11102 67.08204 63.24555 60.82763 60 60 60 58.30952 53.85165 50.9902 50 50 50 50 50 42.42641 36.05551 28.28427 22.36068 20 14.14214 10 0 0 10 10 10 10 14.14214 22.36068 28.28427 36.05551 42.42641 50 56.56854 64.03124 70.71068 78.10249 84.85281 92.19544 94.86833 85.44004 76.15773 67.08204 58.30952 50 42.42641 36.05551
10 20 22.36068 14.14214 10 0 10 14.14214 22.36068 28.28427 36.05551 42.42641 50 56.56854 64.03124 70.71068 78.10249 86.02325 90 90.55385 92.19544 94.86833 98.48858 102.9563 98.99495 92.19544 86.02325 80.62257 76.15773 72.8011 70.71068 70 70 70 67.08204 63.24555 60.82763 60 60 60 60 56.56854 50 42.42641 36.05551 31.62278 28.28427 22.36068 14.14214 10 0 0 0 0 0 10 14.14214 22.36068 28.28427 36.05551 42.42641 50 56.56854 64.03124 70.71068 78.10249 84.85281 92.19544 89.44272 80.62257 72.11102 64.03124 56.56854 50 44.72136
10 20 14.14214 10 0 10 14.14214 22.36068 28.28427 36.05551 42.42641 50 56.56854 64.03124 70.71068 78.10249 82.46211 80.62257 80 80.62257 82.46211 85.44004 89.44272 94.33981 100 100 94.33981 89.44272 85.44004 82.46211 80.62257 80 80 80 76.15773 72.8011 70.71068 70 70 70 70 64.03124 56.56854 50 44.72136 41.23106 36.05551 28.28427 22.36068 14.14214 10 10 10 10 10 0 10 14.14214 22.36068 28.28427 36.05551 42.42641 50 56.56854 64.03124 70.71068 78.10249 84.85281 89.44272 86.02325 78.10249 70.71068 64.03124 58.30952 53.85165
10 14.14214 10 0 10 14.14214 22.36068 28.28427 36.05551 42.42641 50 56.56854 64.03124 70.71068 78.10249 76.15773 72.8011 70.71068 70 70.71068 72.8011 76.15773 80.62257 86.02325 92.19544 98.99495 102.9563 98.48858 94.86833 92.19544 90.55385 90 90 89.44272 85.44004 82.46211 80.62257 80 80 80 78.10249 70.71068 64.03124 58.30952 53.85165 50 42.42641 36.05551 28.28427 22.36068 20 20 20 20 14.14214 10 0 10 14.14214 22.36068 28.28427 36.05551 42.42641 50 56.56854 64.03124 70.71068 76.15773 80.62257 82.46211 84.85281 78.10249 72.11102 67.08204 63.24555
10 10 0 10 14.14214 22.36068 28.28427 36.05551 42.42641 50 56.56854 64.03124 70.71068 78.10249 72.11102 67.08204 63.24555 60.82763 60 60.82763 63.24555 67.08204 72.11102 78.10249 84.85281 92.19544 100 107.7033 104.4031 101.9804 100.4988 100 100 98.48858 94.86833 92.19544 86.02325 80.62257 76.15773 72.8011 70.71068 70 70 67.08204 63.24555 56.56854 50 42.42641 36.05551 31.62278 30 30 30 28.28427 22.36068 14.14214 10 0 10 14.14214 22.36068 28.28427 36.05551 42.42641 50 56.56854 63.24555 67.08204 70.71068 72.8011 76.15773 80.62257 80.62257 76.15773 72.11102
10 0 10 14.14214 22.36068 28.28427 36.05551 42.42641 50 56.56854 64.03124 70.71068 78.10249 70.71068 64.03124 58.30952 53.85165 50.9902 50 50.9902 53.85165 58.30952 64.03124 70.71068 78.10249 86.02325 94.33981 102.9563 111.8034 111.8034 110.4536 110 108.1665 100 92.19544 84.85281 78.10249 72.11102 67.08204 63.24555 60.82763 60 60 60 60 60 56.56854 50 44.72136 41.23106 40 40 40 36.05551 28.28427 22.36068 14.14214 10 0 10 14.14214 22.36068 28.28427 36.05551 42.42641 50 53.85165 58.30952 60.82763 63.24555 67.08204 72.11102 76.15773 80 78.10249
0 10 14.14214 22.36068 28.28427 36.05551 42.42641 50 56.56854 64.03124 70.71068 78.10249 72.11102 64.03124 56.56854 50 44.72136 41.23106 40 41.23106 44.72136 50 56.56854 64.03124 72.11102 80.62257 89.44272 98.48858 107.7033 117.047 120.4159 111.8034 102.9563 94.33981 86.02325 78.10249 70.71068 64.03124 58.30952 53.85165 50.9902 50 50 50 50 50 50 50 50 50 50 50 50 42.42641 36.05551 28.28427 22.36068 14.14214 10 0 10 14.14214 22.36068 28.28427 36.05551 41.23106 44.72136 50 50.9902 53.85165 58.30952 63.24555 67.08204 70 70.71068
10 14.14214 22.36068 28.28427 36.05551 42.42641 50 56.56854 64.03124 70.71068 78.10249 76.15773 67.08204 58.30952 50 42.42641 36.05551 31.62278 30 31.62278 36.05551 42.42641 50 58.30952 67.08204 76.15773 85.44004 94.86833 104.4031 114.0175 117.047 107.7033 98.48858 89.44272 80.62257 72.11102 64.03124 56.56854 50 44.72136 41.23106 40 40 40 40 40 40 40 40 40 40 40 40 40 40 36.05551 28.28427 22.36068 14.14214 10 0 10 14.14214 22.36068 28.28427 31.62278 36.05551 40 41.23106 44.72136 50 53.85165 58.30952 60 60.82763
10 20 28.28427 36.05551 42.42641 50 56.56854 64.03124 70.71068 78.10249 82.46211 72.8011 63.24555 53.85165 44.72136 36.05551 28.28427 22.36068 20 22.36068 28.28427 36.05551 44.72136 53.85165 63.24555 72.8011 82.46211 92.19544 101.9804 111.8034 114.0175 104.4031 94.86833 85.44004 76.15773 67.08204 58.30952 50 42.42641 36.05551 31.62278 30 30 30 30 30 30 30 30 30 30 30 30 30 30 30 30 28.28427 22.36068 14.14214 10 0 10 14.14214 20 22.36068 28.28427 30 31.62278 36.05551 41.23106 44.72136 50 50 50.9902
10 20 30 40 50 56.56854 64.03124 70.71068 78.10249 84.85281 80.62257 70.71068 60.82763 50.9902 41.23106 31.62278 22.36068 14.14214 10 14.14214 22.36068 31.62278 41.23106 50.9902 60.82763 70.71068 80.62257 90.55385 100.4988 110.4536 111.8034 101.9804 92.19544 82.46211 72.8011 63.24555 53.85165 44.72136 36.05551 28.28427 22.36068 20 20 20 20 20 20 20 20 20 20 20 20 20 20 20 20 20 20 20 10 0 0 10 10 14.14214 20 20 22.36068 28.28427 31.62278 36.05551 40 40 41.23106
10 20 30 40 50 60 70 78.10249 84.85281 85.44004 76.15773 67.08204 58.30952 50 40 30 20 10 0 10 20 30 40 50 60 70 80 90 100 110 110.4536 100.4988 90.55385 80.62257 70.71068 60.82763 50.9902 41.23106 31.62278 22.36068 14.14214 10 10 10 10 10 10 10 10 10 10 10 10 10 10 10 10 10 10 10 10 10 10 0 0 10 10 10 14.14214 20 22.36068 28.28427 30 30 31.62278
10 20 30 40 50 60 70 80 90 82.46211 72.8011 63.24555 53.85165 44.72136 36.05551 28.28427 20 10 0 10 20 30 40 50 60 70 80 90 100 110 110 100 90 80 70 60 50 40 30 20 10 0 0 0 0 0 0 0 0 0 0 0 0 0 0 0 0 0 0 0 0 0 0 0 0 0 0 0 10 10 14.14214 20 20 20 22.36068
10 20 30 40 50 60 70 80 84.85281 78.10249 70.71068 60.82763 50.9902 41.23106 31.62278 22.36068 14.14214 10 0 10 20 30 40 50 60 70 80 90 100 110 110.4536 100.4988 90.55385 80.62257 70.71068 60.82763 50.9902 41.23106 31.62278 22.36068 14.14214 10 10 10 10 10 10 10 10 10 10 10 10 10 10 10 10 0 0 10 10 10 10 10 10 10 10 10 0 0 10 10 10 10 14.14214
10 20 30 40 50 60 70 80 78.10249 70.71068 64.03124 56.56854 50 40 30 20 10 0 0 10 20 30 40 50 60 70 80 90 100 110 111.8034 101.9804 92.19544 82.46211 72.8011 63.24555 53.85165 44.72136 36.05551 28.28427 22.36068 20 20 20 20 20 20 20 20 20 20 20 20 20 14.14214 10 0 0 10 14.14214 20 20 20 20 20 20 20 14.14214 10 0 0 0 0 0 10
10 20 30 40 50 60 70 80 72.11102 64.03124 56.56854 50 42.42641 36.05551 28.28427 20 10 0 10 14.14214 22.36068 31.62278 41.23106 50.9902 60.82763 70.71068 80.62257 90.55385 100.4988 110.4536 114.0175 104.4031 94.86833 85.44004 76.15773 67.08204 58.30952 50 42.42641 36.05551 31.62278 30 30 30 30 30 30 30 30 30 30 30 22.36068 14.14214 10 0 0 10 14.14214 22.36068 28.28427 30 30 30 30 30 28.28427 22.36068 14.14214 10 10 10 10 10 0
14.14214 22.36068 31.62278 41.23106 50.9902 60.82763 70.71068 76.15773 67.08204 58.30952 50 42.42641 36.05551 28.28427 22.36068 14.14214 10 0 10 20 28.28427 36.05551 44.72136 53.85165 63.24555 72.8011 82.46211 92.19544 101.9804 111.8034 117.047 107.7033 98.48858 89.44272 80.62257 72.11102 64.03124 56.56854 50 44.72136 41.23106 40 40 40 40 40 40 40 40 40 40 30 20 10 0 0 10 14.14214 22.36068 28.28427 36.05551 40 40 40 40 40 36.05551 28.28427 22.36068 20 -9999 -9999 -9999 -9999 10
22.36068 28.28427 36.05551 44.72136 53.85165 63.24555 72.8011 72.8011 63.24555 53.85165 44.72136 36.05551 28.28427 22.36068 14.14214 10 0 10 14.14214 22.36068 31.62278 41.23106 50 58.30952 67.08204 76.15773 85.44004 94.86833 104.4031 114.0175 120.8305 111.8034 102.9563 94.33981 86.02325 78.10249 70.71068 64.03124 58.30952 53.85165 50.9902 50 50 50 50 50 50 50 50 50 41.23106 31.62278 22.36068 14.14214 10 10 14.14214 22.36068 28.28427 36.05551 42.42641 50 50 50 50 50 42.42641 36.05551 31.62278 30 -9999 -9999 -9999 -9999 -9999
28.28427 36.05551 42.42641 50 58.30952 67.08204 76.15773 70.71068 60.82763 50.9902 41.23106 31.62278 22.36068 14.14214 10 0 10 14.14214 22.36068 28.28427 36.05551 44.72136 53.85165 63.24555 72.11102 80.62257 89.44272 98.48858 107.7033 117.047 125.2996 116.619 108.1665 100 92.19544 84.85281 78.10249 72.11102 67.08204 63.24555 60.82763 60 60 60 60 60 60 60 60 53.85165 44.72136 36.05551 28.28427 22.36068 20 20 22.36068 28.28427 36.05551 42.42641 50 56.56854 60 60 60 56.56854 50 44.72136 41.23106 40 -9999 -9999 -9999 -9999 -9999
30 40 50 56.56854 64.03124 72.11102 80 70 60 50 40 30 20 10 0 10 14.14214 22.36068 28.28427 36.05551 42.42641 50 58.30952 67.08204 76.15773 85.44004 94.33981 102.9563 111.8034 120.8305 130 122.0656 114.0175 106.3015 98.99495 92.19544 86.02325 80.62257 76.15773 72.8011 70.71068 70 70 70 70 70 70 70 67.08204 58.30952 50 42.42641 36.05551 31.62278 30 30 31.62278 36.05551 42.42641 50 56.56854 64.03124 70 70 70 64.03124 58.30952 53.85165 50.9902 50 50 -9999 -9999 -9999 -9999
30 40 50 60 70 78.10249 80 70 60 50 40 30 20 10 0 10 20 28.28427 36.05551 42.42641 50 56.56854 64.03124 72.11102 80.62257 89.44272 98.48858 107.7033 116.619 125.2996 134.1641 128.0625 120.4159 113.1371 106.3015 100 94.33981 89.44272 85.44004 82.46211 80.62257 80 80 80 80 80 80 80 72.11102 64.03124 56.56854 50 44.72136 41.23106 40 40 41.23106 44.72136 50 56.56854 64.03124 70.71068 78.10249 80 78.10249 72.11102 67.08204 63.24555 60.82763 60 60 56.56854 50 -9999 -9999
30 40 50 56.56854 64.03124 70.71068 76.15773 67.08204 58.30952 50 40 30 20 10 0 10 20 30 40 50 56.56854 64.03124 70.71068 78.10249 86.02325 94.33981 102.9563 111.8034 120.8305 130 138.9244 134.5362 127.2792 120.4159 114.0175 108.1665 102.9563 98.48858 94.86833 92.19544 90.55385 90 90 90 90 90 90 86.02325 78.10249 70.71068 64.03124 58.30952 53.85165 50.9902 50 50 50.9902 53.85165 58.30952 64.03124 70.71068 78.10249 84.85281 90 86.02325 80.62257 76.15773 72.8011 70.71068 70 70 64.03124 58.30952 -9999 -9999
28.28427 36.05551 42.42641 50 56.56854 64.03124 70.71068 63.24555 53.85165 44.72136 36.05551 28.28427 20 10 0 10 20 30 40 50 60 70 78.10249 84.85281 92.19544 100 108.1665 116.619 125.2996 134.1641 143.1782 141.4214 134.5362 128.0625 122.0656 116.619 111.8034 107.7033 104.4031 101.9804 100.4988 100 100 100 100 98.48858 94.86833 92.19544 84.85281 78.10249 72.11102 67.08204 63.24555 60.82763 60 60 60.82763 63.24555 67.08204 72.11102 78.10249 84.85281 90.55385 92.19544 94.33981 89.44272 85.44004 82.46211 80.62257 80 78.10249 72.11102 67.08204 63.24555 -9999
22.36068 28.28427 36.05551 42.42641 50 56.56854 64.03124 60.82763 50.9902 41.23106 31.62278 22.36068 14.14214 10 0 10 20 30 40 50 60 70 80 90 98.99495 106.3015 114.0175 122.0656 130.384 138.9244 147.6482 148.6607 142.1267 136.0147 130.384 125.2996 120.8305 117.047 114.0175 111.8034 110.4536 110 106.3015 100 94.33981 89.44272 85.44004 82.46211 80.62257 80 80 76.15773 72.8011 70.71068 70 70 70.71068 72.8011 76.15773 80 80 80 80.62257 82.46211 85.44004 89.44272 94.33981 92.19544 90.55385 90 86.02325 80.62257 76.15773 72.8011 70.71068
14.14214 22.36068 28.28427 36.05551 42.42641 50 58.30952 58.30952 50 40 30 20 10 0 0 10 20 30 40 50 60 70 80 90 100 110 120 128.0625 136.0147 144.222 152.6434 156.205 150 144.222 138.9244 134.1641 130 126.4911 123.6932 121.6553 114.0175 106.3015 98.99495 92.19544 86.02325 80.62257 76.15773 72.8011 70.71068 70 70 70 70 70 70 70 70 70 70 70 70 70 70.71068 72.8011 76.15773 80.62257 85.44004 89.44272 94.33981 100 94.33981 89.44272 -9999 -9999 -9999
10 14.14214 22.36068 28.28427 36.05551 44.72136 53.85165 53.85165 44.72136 36.05551 28.28427 20 10 0 10 14.14214 22.36068 31.62278 41.23106 50.9902 60.82763 70.71068 80.62257 90.55385 100.4988 110.4536 120.4159 130.384 140.3567 150 158.1139 164.0122 158.1139 152.6434 147.6482 143.1782 139.2839 134.1641 125.2996 116.619 108.1665 100 92.19544 84.85281 78.10249 72.11102 67.08204 63.24555 60.82763 60 60 60 60 60 60 60 60 60 60 60 60 60 60.82763 63.24555 67.08204 72.11102 76.15773 80.62257 86.02325 92.19544 -9999 -9999 -9999 -9999 -9999
0 10 14.14214 22.36068 31.62278 41.23106 50 50.9902 41.23106 31.62278 22.36068 14.14214 10 0 10 20 28.28427 36.05551 44.72136 53.85165 63.24555 72.8011 82.46211 92.19544 101.9804 111.8034 121.6553 131.5295 141.4214 151.3275 161.2451 171.1724 166.4332 161.2451 156.5248 148.6607 139.2839 130 120.8305 111.8034 102.9563 94.33981 86.02325 78.10249 70.71068 64.03124 58.30952 53.85165 50.9902 50 50 50 50 50 50 50 50 50 50 50 50 50 50.9902 53.85165 58.30952 63.24555 67.08204 72.11102 78.10249 84.85281 -9999 -9999 -9999 -9999 -9999
0 0 10 20 28.28427 36.05551 44.72136 50 40 30 20 10 0 10 14.14214 22.36068 31.62278 41.23106 50 58.30952 67.08204 76.15773 85.44004 94.86833 104.4031 114.0175 123.6932 133.4166 143.1782 152.9706 162.7882 172.6268 174.6425 164.9242 155.2417 145.6022 136.0147 126.4911 117.047 107.7033 98.48858 89.44272 80.62257 72.11102 64.03124 56.56854 50 44.72136 41.23106 40 40 40 40 40 40 40 40 40 40 40 40 40 41.23106 44.72136 50 53.85165 58.30952 64.03124 70.71068 76.15773 -9999 -9999 -9999 -9999 -9999
10 0 10 14.14214 22.36068 31.62278 41.23106 50 40 30 20 10 0 10 20 28.28427 36.05551 44.72136 53.85165 63.24555 72.11102 80.62257 89.44272 98.48858 107.7033 117.047 126.4911 136.0147 145.6022 155.2417 164.9242 174.6425 172.6268 162.7882 152.9706 143.1782 133.4166 123.6932 114.0175 104.4031 94.86833 85.44004 76.15773 67.08204 58.30952 50 42.42641 36.05551 31.62278 30 30 30 30 30 30 30 30 30 30 30 30 30 31.62278 36.05551 41.23106 44.72136 50 56.56854 -9999 -9999 -9999 -9999 -9999 -9999 -9999
14.14214 10 0 10 20 30 40 50 40 30 20 10 0 10 20 30 40 50 58.30952 67.08204 76.15773 85.44004 94.33981 102.9563 111.8034 120.8305 130 139.2839 148.6607 158.1139 167.6305 177.2005 171.1724 161.2451 151.3275 141.4214 131.5295 121.6553 111.8034 101.9804 92.19544 82.46211 72.8011 63.24555 53.85165 44.72136 36.05551 28.28427 22.36068 20 20 20 20 20 20 20 20 20 20 20 20 20 22.36068 28.28427 31.62278 36.05551 42.42641 50 -9999 -9999 -9999 -9999 -9999 -9999 -9999
