elevation.asc
ncols         469
nrows         365
xllcorner     198538.8800233
yllcorner     438669.69527598
cellsize      10
NODATA_value  -9999
[rows 60 to 89 of 365, columns 276 to 344 of 469]
139.5871 144.3853 148.0943 149.6278 149.4026 147.1389 143.6329 139.9074 136.5586 134.2406 132.7007 131.7554 131.1358 130.693 130.1689 130.0162 130.0943 130.4811 131.3463 131.8327 131.8802 131.4962 130.6678 129.9397 128.9501 127.9221 126.9174 125.6683 124.6309 123.5091 122.6089 121.6774 120.5868 119.7588 118.9048 117.9237 117.3465 117.1036 117.0272 117.0099 117.0169 117.0643 117.2092 117.5913 118.3334 119.5249 120.8305 122.4784 124.6582 126.8046 128.7159 129.8843 130.2312 129.9266 129.2003 128.5964 127.8925 126.5733 124.0881 119.842 114.7404 109.6137 105.1989 102.2347 101.5516 102.455 103.8321 104.6193 104.1068
140.56 145.4518 149.4593 151.5252 151.846 149.4489 145.7837 141.8915 138.4326 135.6958 133.8998 132.8098 132.2243 131.907 131.6653 131.6341 131.8123 132.2916 133.0697 133.4926 133.5517 133.3228 132.8352 132.2118 131.2245 130.3483 129.5257 128.4228 127.4603 126.416 125.5589 124.6045 123.4904 122.6345 121.7783 120.7554 120.1192 119.8546 119.7953 119.822 119.895 120.0371 120.3286 120.8889 121.8931 123.4764 125.3393 127.4707 129.963 132.3792 134.1119 134.9979 134.8477 133.8015 132.0124 130.4958 128.9524 126.8535 123.7988 119.3856 114.6535 110.2755 107.027 105.4657 105.2933 105.8559 106.0685 105.2928 103.2382
140.8653 145.4862 149.3765 151.4581 151.8809 150.1862 147.2663 143.8831 140.4723 137.5828 135.4063 134.0862 133.5012 133.3134 133.2529 133.2924 133.4744 133.9288 134.698 134.9788 135.029 134.9982 134.8815 134.6075 133.9702 133.0033 132.1891 131.287 130.6554 129.937 128.9851 127.7478 126.5735 125.8232 125.0632 123.9834 123.0912 122.6589 122.5857 122.7394 123.0562 123.5395 124.2736 125.2849 126.6858 128.4912 130.7964 133.3545 135.9411 138.264 139.6319 139.9629 139.149 137.3994 135.0763 132.6904 130.1926 127.3389 123.7825 119.3289 115.2995 111.9911 110.1746 109.4529 109.164 108.8954 107.606 105.0675 101.488
140.8222 144.8081 148.2356 150.1889 151.0018 150.1446 148.031 145.2733 142.3839 139.593 137.3293 135.677 135.0353 134.9019 134.9007 134.9221 134.9778 135.1869 135.7657 136.0945 136.2355 136.3002 136.2954 136.1453 135.7404 135.1432 134.7503 134.3678 134.0069 133.3884 132.2616 131.1139 130.3214 129.7637 129.0418 127.7032 126.5489 126.0499 126.0578 126.4254 127.0649 127.9225 129.1273 130.5722 132.3743 134.4578 136.8993 139.2722 141.4386 143.2366 144.0924 143.946 142.6217 140.3762 137.7626 134.8734 131.6859 128.3383 124.5412 120.444 117.2219 114.9868 113.7634 112.9703 111.7592 110.3831 108.1748 104.3306 99.84255
140.473 143.5508 146.1619 148.2257 149.6576 149.7065 148.2416 146.2069 143.9763 141.3829 139.4519 137.8018 136.8625 136.5141 136.4413 136.4483 136.4883 136.6267 136.9429 137.1846 137.3245 137.404 137.4263 137.3495 137.1345 136.8417 136.642 136.462 136.231 135.8003 135.123 134.5582 134.1758 133.8083 133.1321 131.9179 130.9373 130.605 130.8197 131.4932 132.4976 133.6066 134.9765 136.5978 138.4323 140.2497 142.2102 143.8074 145.0329 145.9694 146.1763 145.6841 144.4898 142.1689 139.6443 136.7773 133.6175 130.0078 126.3241 123.0737 120.6908 119.0182 117.3252 115.1063 112.8545 110.4486 107.3224 102.7711 97.95126
140.1712 142.4966 144.499 146.112 147.6743 148.2396 147.6515 146.4334 144.9369 143.142 141.4129 139.8415 138.7066 138.228 138.1127 138.1148 138.1436 138.2121 138.3441 138.4581 138.5315 138.5753 138.5893 138.5559 138.4646 138.3474 138.264 138.1895 138.0834 137.9026 137.6777 137.5522 137.4803 137.3298 136.9204 136.2111 135.7594 135.7658 136.2185 137.1267 138.2398 139.3622 140.501 141.8165 143.265 144.3769 145.2601 145.8763 146.2169 146.3767 145.8458 144.9172 143.8821 142.0944 140.1185 137.7834 135.0474 131.8196 128.6245 125.9966 124.0824 122.2529 119.3809 115.9361 112.7537 109.5114 105.6166 101.0163 96.45419
140.0804 141.8729 143.4955 144.9122 146.1411 146.8754 146.8524 146.2807 145.4999 144.5235 143.1407 141.6762 140.5215 140.1126 140.0448 140.0614 140.0759 140.0838 140.0973 140.1042 140.1019 140.0952 140.086 140.0729 140.0575 140.0489 140.0545 140.0645 140.0831 140.1387 140.2914 140.5674 140.78 140.8747 140.8077 140.6044 140.5161 140.718 141.2033 141.9429 142.7637 143.7902 144.6002 145.2845 145.9008 146.1475 146.041 145.6487 144.9491 144.2487 143.1013 141.5679 140.5075 139.6488 138.9913 137.7071 135.9787 133.6424 130.5401 128.1282 126.1565 123.8606 120.2467 116.0339 112.0403 108.218 104.0717 99.72599 95.56815
140.2174 141.6367 142.9429 144.1142 145.1231 145.9954 146.3248 146.1446 145.8252 145.2055 144.6086 143.5286 142.7266 142.4104 142.3531 142.3698 142.3812 142.3756 142.3621 142.3388 142.3038 142.2629 142.2275 142.2159 142.2508 142.3403 142.4539 142.5625 142.7021 142.9619 143.446 144.1397 144.5596 144.7562 144.7439 144.5232 144.2024 144.1408 144.4732 144.7708 145.0597 145.798 146.4261 146.7265 146.4841 145.8213 144.7448 143.4464 141.6494 140.1639 138.5237 136.8514 135.8758 135.6892 136.0318 136.2833 135.853 134.4225 131.5778 129.3983 127.4431 124.8178 120.8692 116.1189 111.2944 106.8663 102.7265 98.89828 -9999
140.7265 141.7689 142.805 143.855 144.9316 145.8726 146.5024 146.7457 146.7118 146.4294 146.048 145.387 144.9955 144.8165 144.7358 144.7119 144.7223 144.7625 144.8262 144.8738 144.877 144.8474 144.8241 144.8634 145.0258 145.3224 145.6457 145.8937 146.1196 146.4459 147.0012 147.7984 148.1595 148.2131 147.85 146.9021 145.1299 143.3607 143.6371 144.0764 144.5705 145.3046 145.8378 145.8858 144.8786 143.4795 141.4864 139.5831 137.4034 135.5483 133.7534 132.0434 131.1187 131.3953 132.6331 133.9811 134.6588 134.223 132.1227 130.1365 128.5765 126.0858 122.1377 117.0317 111.5573 106.6314 102.2876 98.79042 -9999
141.0126 141.9631 142.8951 143.8926 145.0216 146.3063 147.3145 147.9507 148.1618 148.1398 148.0276 147.7467 147.4639 147.1418 146.7976 146.6085 146.6258 146.8403 147.1833 147.4738 147.6062 147.6264 147.6585 147.8526 148.3375 149.1105 149.8683 150.3657 150.7058 151.0272 151.3947 151.754 151.5693 151.1887 150.1702 148.4093 145.2473 142.4021 141.3696 141.2185 141.5804 142.2832 142.602 142.2462 140.9046 139.2586 137.134 135.1788 133.189 131.2366 129.4468 127.7916 126.7663 127.1609 128.7846 130.4995 131.9225 132.3152 131.5011 130.2927 129.7814 128.0211 124.1543 118.896 113.2472 108.1379 103.5821 100.0826 97.39605
141.1794 142.2151 143.2282 144.3282 145.6429 147.3902 148.7234 149.7265 150.13 150.3488 150.5724 150.5677 150.2966 149.7112 148.984 148.6048 148.6377 149.0621 149.7872 150.4144 150.71 150.783 150.8751 151.2366 152.0536 153.3317 154.4792 155.1853 155.6005 155.8403 155.8071 155.3022 154.626 153.7123 151.3819 148.3516 144.1468 140.0126 137.5285 136.4759 136.3786 136.7363 136.8375 136.4441 135.4016 134.0868 132.4159 130.7468 129.2172 127.5153 125.7193 124.2036 123.2609 123.4891 124.8463 126.6647 128.6394 129.8394 130.4213 130.5251 130.5692 129.4816 126.2886 121.4929 116.07 110.8332 106.1934 102.5742 99.91875
141.4487 142.6377 143.8971 145.3487 147.255 149.2255 150.5933 151.8486 152.554 153.1183 153.8022 153.9997 153.6514 152.6878 151.6761 151.2404 151.308 151.8593 152.933 153.9402 154.3913 154.4708 154.623 155.2053 156.3037 157.7003 158.613 159.1746 159.4521 159.4647 158.8713 156.9709 155.2312 153.6009 150.6422 146.8876 142.227 137.5231 134.0999 131.7674 130.8826 130.5884 130.3607 130.0311 129.4315 128.6493 127.6486 126.5057 125.4887 124.256 122.5578 120.9181 119.9797 119.9464 121.0276 122.8745 124.8999 126.6833 128.4647 129.6085 130.4035 130.183 128.2787 124.2952 119.446 114.4102 109.7886 105.9896 103.2583
141.963 143.2503 144.8094 146.7368 149.0388 151.0846 152.7913 154.2555 155.0686 155.7555 156.6432 157.0497 156.8959 156.214 155.6111 155.3672 155.4629 155.8723 156.597 157.2636 157.5402 157.3789 157.5418 158.5161 160.0175 161.2731 160.9291 160.7161 160.3501 159.6463 158.2976 155.7361 153.5046 151.3223 148.5781 144.8169 140.1683 135.464 131.4608 128.4137 126.3963 125.3579 124.8442 124.5176 124.1676 123.7777 123.321 122.7883 122.1974 121.2615 119.7585 118.1154 116.9715 116.5549 117.4842 119.1329 121.0174 123.0665 125.0856 126.8734 128.6548 129.3434 128.6373 126.0426 122.6744 118.5123 113.9318 110.1372 107.3981
142.5784 143.9192 145.5915 147.9096 150.3551 152.7262 154.7413 156.3428 157.515 158.5007 159.543 160.1455 160.4136 160.3081 160.1425 160.0875 160.1213 160.1354 160.0058 159.9033 159.6807 158.8763 158.7844 160.0289 161.9231 163.7161 161.9406 160.1302 158.6652 156.786 154.8875 152.419 150.3024 148.2519 145.7232 142.4668 138.2014 133.9284 129.8943 126.2255 123.4851 121.5718 120.5511 119.9856 119.574 119.3121 119.1752 119.0759 118.8839 118.2933 116.9506 115.359 114.1438 113.491 113.9753 115.209 117.0085 119.0346 121.0394 123.1789 125.0847 126.1768 126.3909 125.9435 124.4902 121.9204 118.0256 114.5943 111.9555
143.4574 144.8737 146.7898 149.255 151.7626 154.2906 156.4553 158.317 159.8732 161.0965 162.2743 163.1228 163.8781 164.1902 164.2959 164.3001 164.1176 163.5416 162.1911 160.8867 159.6811 158.3338 157.9875 158.8692 159.9149 160.5408 159.1405 156.9024 154.8987 152.6667 150.6533 148.5893 146.6582 144.939 142.7524 139.9093 136.3793 132.8484 129.1893 125.2869 121.9507 119.4746 117.6619 116.462 115.5335 114.9951 114.833 114.8567 114.8721 114.6306 113.8465 112.4654 110.9877 110.0356 109.9655 110.908 112.6361 114.5651 116.6357 119.0153 121.1276 122.8938 124.1342 124.9932 124.9619 123.6525 120.657 117.8271 115.347
144.7863 145.9872 148.1034 150.5205 153.1271 155.6747 158.1359 160.3225 162.2972 163.9399 164.9538 165.616 166.3672 166.8419 167.0632 166.9495 166.2486 164.8473 162.6187 160.2412 157.918 155.9912 155.1237 155.2114 155.531 155.5348 154.4474 152.465 150.511 148.4838 146.4987 144.7691 143.2247 141.7859 139.9377 137.6078 134.939 132.0848 128.865 124.9054 121.0586 118.0549 115.6127 113.8161 112.3113 111.2429 110.8248 110.7549 110.822 110.8224 110.5159 109.6543 108.1265 106.5254 105.6571 106.1919 107.7471 109.8129 112.1336 114.6962 117.2195 119.5499 121.5251 123.2588 123.935 123.3002 121.3927 119.2539 116.8173
146.6972 148.1498 150.041 152.4316 155.0246 157.648 160.2138 162.5889 164.669 166.4325 167.4446 167.9646 168.3983 168.7183 168.8666 168.5622 167.2333 164.9812 161.9511 158.8138 155.814 153.4652 151.785 151.0361 150.643 150.2543 149.4131 147.9506 146.2111 144.4711 142.6863 141.0435 139.7856 138.7011 137.1868 135.375 133.4597 131.2271 128.4256 124.6523 120.6655 117.2864 114.38 111.6509 109.9033 108.609 107.8525 107.4994 107.4945 107.666 107.7313 107.2183 105.6621 103.2563 101.3992 101.3522 102.9403 105.1572 107.6691 110.3854 113.3286 116.2409 119.1547 121.3209 122.2397 121.9131 120.4889 118.6565 116.4402
149.254 150.7974 152.6784 154.9243 157.4731 160.1224 162.7572 165.1429 167.0186 168.9138 169.811 170.0539 170.109 170.1222 170.0678 169.6 167.6353 164.667 160.851 157.0583 154.0096 151.4805 149.4283 147.7553 146.414 145.4668 144.6319 143.6097 142.1939 140.5853 139.0154 137.489 136.2136 135.3086 134.2806 133.0495 131.749 129.9901 127.3945 124.0931 120.3 116.7509 113.6505 110.5576 108.294 106.5803 105.37 104.5426 104.3521 104.6568 105.1759 105.2099 103.8392 100.7322 97.8371 97.16927 98.75803 101.0229 103.5856 106.2851 109.4146 112.9964 116.6233 119.2426 120.2166 120.0148 118.8707 116.9345 114.6726
152.2122 153.9839 155.7593 157.913 160.402 163.0266 165.7094 168.1926 169.8766 171.2764 172.0147 172.0557 171.8487 171.5362 171.0044 169.9229 167.6886 164.3955 160.2298 156.1324 152.9001 150.1189 147.6247 145.3733 143.346 141.5964 140.3321 139.382 138.2868 136.783 135.1992 133.916 132.8355 132.0187 131.1196 130.4026 129.6719 128.3694 125.9644 123.0997 119.7126 116.0617 112.8301 109.7691 107.0052 104.706 102.9033 101.2987 100.8178 101.2414 102.2931 102.9923 101.9185 98.71529 95.28317 93.93003 95.21237 97.53611 100.0325 102.6937 105.9305 109.9382 114.1672 117.0022 118.0521 117.6279 116.1976 114.3265 111.9031
155.5054 157.3183 159.2045 161.2542 163.7233 166.1741 168.8248 171.0685 172.6183 173.719 174.3513 174.1172 173.6655 173.024 171.9747 170.3203 167.9137 164.4353 160.1811 155.9991 152.5741 149.514 146.552 143.9501 141.3306 138.9799 136.8634 135.4977 134.3326 132.9606 131.2586 130.0521 129.3316 128.8416 128.2083 127.6842 127.0287 125.8767 124.2851 121.9301 119.0266 115.4884 112.0966 108.9702 105.6886 102.5553 99.9324 98.12633 97.45853 97.76859 98.66887 99.35401 98.66879 96.05907 92.57424 90.8663 91.83806 93.83508 96.51073 99.16275 102.5194 107.124 111.8615 114.9068 115.9315 115.2358 113.6405 111.6344 109.1367
159.0469 160.8259 162.742 164.8578 167.1028 169.4202 171.8019 174.0067 175.482 176.3836 176.8838 176.5118 175.9053 174.9409 173.3866 171.3149 168.6556 164.942 160.7511 156.6072 152.9039 149.3711 145.8546 142.8149 139.8895 137.0435 134.5791 132.5179 130.7852 129.225 127.578 126.2554 125.6417 125.3815 125.1167 124.7931 124.2259 123.318 122.215 120.5112 118.1269 114.9486 111.3904 108.1591 104.594 100.7067 97.24621 95.15106 94.16825 94.15748 94.69398 95.22086 94.97204 93.21257 90.15293 87.74511 87.92428 89.6163 92.53116 95.49053 99.25046 104.2616 109.3134 112.7538 113.7804 112.8834 111.137 109.1316 106.4176
162.6017 164.5719 166.4441 168.589 170.5681 172.5703 174.7141 176.9942 178.8884 180.0442 180.5166 180.2289 179.3271 177.6086 175.3127 172.6607 169.582 165.8843 162.0004 157.9967 153.8535 149.7263 145.8171 142.4135 139.227 135.9052 133.1163 130.539 128.3278 126.2487 124.564 123.1825 122.5363 122.3014 122.0985 121.7409 121.0871 120.5568 120.1007 119.284 117.4095 114.7218 111.2566 107.9864 104.2201 99.898 95.86509 93.06148 91.22787 90.75653 90.97375 91.40865 91.52379 90.32231 87.92483 85.35475 84.60445 85.97562 89.01717 92.49316 96.88973 102.0287 106.9147 110.0268 110.918 110.3684 108.9509 106.9289 104.2426
166.251 168.4834 170.4445 172.4683 174.3797 175.9875 177.7797 180.2175 182.4475 184.1279 184.81 184.5278 183.2461 180.8304 177.823 174.516 171.0104 167.3741 163.5632 159.4017 155.0417 150.7528 146.6792 143.0129 139.4983 135.9557 132.8895 129.9209 127.2234 124.6994 122.3505 120.6115 119.8045 119.4412 119.1403 118.8012 118.2603 117.9582 117.8082 117.4659 116.4626 114.6297 111.57 108.3974 104.427 99.84059 95.51836 92.31649 90.11266 89.0695 88.6973 88.69824 88.55824 87.32774 84.97005 82.55631 81.36594 83.00575 86.52702 90.78844 95.69141 100.8135 105.273 107.9212 108.6516 108.1099 106.8085 104.8463 102.1273
170.0865 172.4666 174.6957 176.7318 178.7493 180.2279 181.7637 184.0244 186.2216 188.2037 189.0645 188.7446 187.1559 184.4825 180.9163 177.0289 173.1938 169.316 165.2894 161.0454 156.6859 152.5156 148.4809 144.4982 140.6751 137.0771 133.6808 130.2009 127.0744 124.0676 120.8586 118.7372 117.3401 116.4611 115.7593 115.3912 115.1628 115.1289 115.2217 115.2814 115.078 114.2569 111.9636 108.9838 104.7935 100.042 95.66264 92.38292 89.98486 88.351 87.08859 86.20918 85.1286 83.33575 80.8007 78.79878 78.2467 80.79121 85.07562 90.03181 95.2618 100.286 104.266 106.1303 106.2953 105.457 104.1827 102.3934 99.67017
174.1524 176.7346 179.3231 181.5502 183.6654 185.0653 186.2486 188.0694 190.0908 191.9588 192.8885 192.5982 191.0491 188.3857 184.574 180.3376 176.0189 171.7195 167.5565 163.3503 159.007 154.7744 150.6145 146.4652 142.5432 138.7406 134.8556 131.0324 127.5751 124.0909 120.4317 117.5719 115.4085 113.8906 112.7533 112.2087 112.0583 112.14 112.3679 112.6535 112.8194 112.509 111.1502 108.6926 104.6036 99.92955 95.80846 92.73198 90.29572 88.2292 85.881 83.97585 81.81827 79.24667 76.58131 75.11092 75.99332 79.53706 84.37978 89.65711 94.91683 99.62592 102.8777 103.7648 103.0984 101.7421 100.3361 98.77729 96.48786
178.4911 181.4251 184.3237 186.7363 188.9191 190.2281 191.0915 192.2155 193.9215 195.7352 196.7315 196.4669 195.0704 192.3341 188.4055 184.0597 179.4389 174.7336 170.219 165.8016 161.428 157.2857 153.2103 148.9958 144.8396 140.699 136.5063 132.5147 128.6938 124.6762 120.6371 117.2437 114.3039 111.5835 110.02 109.1476 108.825 108.7529 108.8711 109.1515 109.4545 109.4976 108.8294 106.9211 103.2247 98.94857 95.5591 92.98445 90.84499 88.637 85.30533 81.94415 78.89012 75.74539 72.9711 72.01063 74.39407 78.65452 83.74484 88.99423 93.96461 98.02546 99.98498 99.80378 98.34991 96.81919 95.74212 94.75704 93.25067
183.0652 186.3561 189.4737 191.9446 194.1046 195.2732 195.8348 196.3913 197.5126 199.4963 200.8049 200.3125 198.8729 196.2178 192.4743 187.9552 183 177.8882 173.1156 168.5527 164.1117 159.9187 155.7928 151.573 147.3916 143.1551 138.7542 134.4188 130.2002 125.91 121.6285 117.7972 114.1937 110.6902 108.1879 106.2639 105.3028 104.6829 104.4167 104.527 104.816 104.9859 104.6416 103.2173 100.2813 96.95692 94.49161 92.55492 90.75464 88.51045 84.77045 80.6878 76.98294 73.64072 70.84501 70.49275 73.28638 77.60888 82.61789 87.63737 92.17891 95.58255 96.61958 95.39755 93.26807 91.80637 91.24252 90.95779 90.16455
187.6734 191.2106 194.3397 196.5612 198.3896 199.2521 199.5238 199.634 200.126 201.7558 203.5112 202.3989 200.9846 199.1358 196.0925 191.6762 186.4478 181.0812 175.9498 171.1045 166.6055 162.5739 158.6265 154.48 150.1326 145.6381 141.0657 136.57 132.2948 128.0209 123.5891 119.2853 115.1409 111.1574 107.9223 105.141 103.0378 101.2014 100.0341 99.68985 99.74959 99.81313 99.58636 98.58381 96.52448 94.33048 92.60387 91.17045 89.57264 87.2989 83.58826 79.46168 75.61667 72.42223 70.15119 70.0387 72.16566 76.03464 80.88365 86.00017 90.57951 93.52782 93.61935 91.42007 88.81839 87.42764 87.35247 87.59743 87.18939
191.9623 195.5029 198.2105 199.6487 200.3156 200.377 200.0765 199.6236 199.5665 200.1695 200.9219 200.5384 200.0005 199.287 197.4459 193.7404 188.8707 183.6424 178.4592 173.5396 169.082 165.1729 161.3367 157.395 153.0569 148.4693 143.8449 139.2553 134.8277 130.3994 125.8416 121.3504 117.1017 112.907 109.1044 105.593 102.5914 99.70959 97.11653 95.94039 95.39218 94.94774 94.57033 93.75163 92.18348 90.8558 89.85499 88.75048 87.0325 84.6126 81.3167 77.75262 74.44334 71.73986 70.04221 69.88609 71.13619 74.59676 79.21048 84.38902 88.90392 91.0248 90.4044 87.8446 85.14558 83.71375 83.62545 83.91755 84.04414
195.7308 198.656 200.0781 200.2735 199.6584 198.5936 197.0796 196.1261 195.78 195.9291 196.2397 196.2366 196.1884 196.0324 195.1968 193.043 189.3351 184.7869 179.9703 175.2996 171.1553 167.5965 164.0405 160.2599 156.074 151.5112 146.8195 142.1814 137.7419 133.2917 128.6704 124.0603 119.63 115.2984 111.1717 107.3707 103.8545 100.3883 97.28368 94.90298 93.04875 91.43247 90.56177 89.70901 88.51371 87.62751 86.81105 85.56569 83.91436 81.59117 78.96555 75.84633 72.98009 70.87 69.58071 69.01688 70.05348 73.15424 77.62505 82.75413 86.86285 88.19691 86.90498 83.95715 81.07399 79.64799 79.55445 80.07771 80.78444
