elevation.asc
ncols         469
nrows         365
xllcorner     198538.8800233
yllcorner     438669.69527598
cellsize      10
NODATA_value  -9999
[rows 120 to 149 of 365, columns 69 to 137 of 469]
74.85022 -9999 -9999 -9999 -9999 -9999 -9999 -9999 -9999 -9999 68.32605 65.51606 62.49696 60.0377 57.12579 -9999 -9999 -9999 -9999 -9999 -9999 -9999 -9999 -9999 -9999 -9999 -9999 -9999 -9999 -9999 -9999 -9999 -9999 -9999 -9999 -9999 -9999 -9999 -9999 -9999 -9999 -9999 -9999 -9999 -9999 -9999 -9999 -9999 -9999 -9999 -9999 -9999 -9999 -9999 -9999 74.21552 74.6385 74.82952 75.39462 76.68916 -9999 80.31503 -9999 -9999 -9999 -9999 -9999 -9999 -9999
77.68283 79.04273 -9999 -9999 -9999 -9999 -9999 -9999 74.79109 73.29342 70.61477 68.02905 65.36684 63.1653 60.46838 57.74172 -9999 -9999 -9999 -9999 -9999 -9999 -9999 -9999 -9999 -9999 -9999 -9999 -9999 -9999 -9999 -9999 -9999 -9999 -9999 -9999 -9999 -9999 -9999 -9999 -9999 -9999 -9999 -9999 -9999 -9999 -9999 -9999 -9999 -9999 -9999 -9999 -9999 74.96302 77.58304 79.13043 79.66055 79.73824 79.84833 80.18155 -9999 -9999 -9999 -9999 -9999 -9999 -9999 -9999 91.27732
78.0076 80.31572 81.48613 81.92561 81.74512 80.98144 79.65727 77.88046 76.20633 74.50799 72.26228 70.10622 68.2618 66.48796 64.00237 60.7531 -9999 -9999 -9999 -9999 -9999 -9999 -9999 -9999 -9999 -9999 -9999 -9999 -9999 -9999 -9999 -9999 -9999 -9999 -9999 -9999 -9999 -9999 -9999 -9999 -9999 -9999 -9999 -9999 -9999 -9999 -9999 -9999 -9999 -9999 -9999 -9999 74.19438 77.87219 80.92271 83.14043 83.93311 84.03586 83.9132 83.69443 -9999 -9999 -9999 -9999 -9999 -9999 -9999 91.66728 93.1593
76.42362 79.89426 82.10336 83.24541 83.26707 82.32994 80.6263 78.86803 77.11754 75.3357 73.75081 72.18681 71.11803 69.77103 67.20369 63.39174 59.37188 -9999 -9999 -9999 -9999 -9999 -9999 -9999 -9999 -9999 -9999 -9999 -9999 -9999 -9999 -9999 -9999 -9999 -9999 -9999 -9999 -9999 -9999 -9999 -9999 -9999 -9999 -9999 -9999 -9999 -9999 -9999 -9999 -9999 -9999 70.67233 75.20335 79.03743 82.23363 84.66197 85.63406 85.92976 85.83018 85.48108 85.04868 -9999 -9999 -9999 -9999 -9999 -9999 -9999 94.53032
74.49644 78.70872 81.863 83.88966 84.29396 83.53581 81.89784 80.08262 78.52264 77.00108 76.10899 75.32389 74.33102 72.63416 69.28316 64.98637 60.70005 57.17905 -9999 -9999 -9999 -9999 -9999 -9999 -9999 -9999 -9999 -9999 -9999 -9999 -9999 -9999 61.30039 -9999 -9999 -9999 -9999 -9999 -9999 -9999 -9999 -9999 -9999 -9999 -9999 -9999 -9999 -9999 -9999 -9999 -9999 -9999 74.71838 78.39645 81.42876 83.8391 85.08602 85.83186 86.08289 86.04224 85.9436 -9999 -9999 -9999 -9999 -9999 -9999 -9999 -9999
72.26987 76.94704 81.08356 84.20026 85.0152 84.70026 83.43092 81.91483 80.99866 80.20383 79.40578 78.39051 76.48621 73.98235 70.15228 65.81745 61.93424 -9999 -9999 -9999 -9999 -9999 -9999 -9999 -9999 -9999 -9999 -9999 -9999 63.00008 64.17052 -9999 -9999 64.42029 63.8486 62.45005 60.04801 -9999 -9999 -9999 -9999 -9999 -9999 -9999 -9999 -9999 -9999 -9999 -9999 -9999 -9999 -9999 73.2093 76.07192 78.81732 80.96314 82.7866 84.14878 84.91206 85.39346 85.70477 86.3867 87.87122 89.75296 -9999 -9999 -9999 -9999 96.52837
70.41438 75.44331 80.1728 83.91927 85.32526 85.42726 85.34824 84.88404 84.28862 83.38175 81.73045 79.76641 77.0722 73.98572 70.06029 -9999 -9999 -9999 -9999 -9999 -9999 -9999 -9999 -9999 -9999 -9999 -9999 -9999 63.58061 65.79115 67.17838 67.79514 67.8946 67.65477 66.87585 65.15569 62.59819 59.99834 -9999 -9999 -9999 -9999 -9999 -9999 -9999 -9999 -9999 -9999 -9999 -9999 -9999 -9999 -9999 73.25227 75.52119 77.50983 79.58559 81.09978 82.42401 83.54018 84.19475 85.12879 86.93223 89.09187 90.46475 91.84383 93.67612 95.58942 97.82388
68.71728 73.8511 78.89783 83.20457 85.64897 86.99591 87.77109 87.62323 86.56586 84.89554 82.55731 79.79677 76.38854 72.92149 69.20902 -9999 -9999 -9999 -9999 -9999 -9999 -9999 -9999 -9999 -9999 -9999 -9999 64.93363 66.9817 69.1008 70.52361 71.17414 71.29881 70.99704 70.04478 67.96907 65.04191 61.71355 59.07471 -9999 -9999 -9999 -9999 -9999 -9999 -9999 -9999 -9999 -9999 -9999 -9999 -9999 -9999 -9999 72.94838 74.82705 76.61171 77.99356 79.27892 80.41752 81.38672 82.95171 85.12832 87.40311 89.55676 91.63285 94.19724 96.52853 99.09509
66.81013 71.88568 77.10456 81.95863 85.56271 88.12007 89.69756 89.57365 87.73499 85.19816 82.23834 79.0219 75.26736 71.41228 -9999 -9999 -9999 -9999 -9999 -9999 -9999 -9999 -9999 -9999 -9999 -9999 66.20509 68.41587 70.39318 72.50203 74.29423 75.17035 75.32354 74.81798 73.50831 70.93703 67.65776 63.74998 60.31895 -9999 -9999 -9999 -9999 -9999 -9999 -9999 -9999 -9999 -9999 -9999 -9999 -9999 -9999 -9999 -9999 -9999 -9999 -9999 -9999 -9999 -9999 -9999 -9999 -9999 -9999 -9999 94.19038 96.94462 99.69079
65.21305 70.42365 75.77322 80.87564 85.19353 88.42518 90.24228 89.94762 87.61958 84.54106 81.04622 -9999 73.82829 69.91866 -9999 -9999 -9999 -9999 -9999 -9999 -9999 -9999 -9999 -9999 65.33366 67.50058 69.63743 71.69075 73.57116 75.64487 77.76237 78.93005 79.13798 78.28612 76.51943 73.61279 69.76792 65.37903 61.43685 -9999 -9999 -9999 -9999 -9999 -9999 -9999 -9999 -9999 -9999 -9999 -9999 -9999 -9999 -9999 -9999 -9999 -9999 -9999 -9999 -9999 -9999 -9999 -9999 -9999 88.87633 -9999 94.51421 97.43293 100.2357
64.57642 69.8226 75.2336 80.42816 84.98533 88.378 90.02806 89.64877 86.71913 83.23087 -9999 -9999 -9999 -9999 -9999 -9999 -9999 -9999 -9999 -9999 -9999 -9999 -9999 66.18781 68.74502 71.00426 73.0887 75.01241 76.54733 78.36919 80.1545 81.58212 82.03149 81.06113 78.93527 75.61669 71.62527 67.11393 62.90739 -9999 -9999 -9999 -9999 -9999 -9999 -9999 -9999 -9999 -9999 -9999 -9999 -9999 -9999 -9999 -9999 -9999 -9999 -9999 -9999 -9999 79.90125 83.6757 87.0432 88.95602 90.71935 93.07298 95.88029 98.77853 101.5755
65.03226 70.19094 75.58192 80.70565 85.2113 88.60092 90.01144 89.38218 85.99343 81.88622 -9999 -9999 -9999 -9999 -9999 -9999 -9999 -9999 -9999 -9999 -9999 -9999 65.97929 68.94316 71.82317 74.41267 76.62473 78.70196 80.13396 81.29098 82.50188 83.93805 84.51556 83.43372 80.53557 77.06187 73.23345 68.9156 64.95767 62.32678 -9999 -9999 -9999 -9999 -9999 -9999 -9999 -9999 -9999 -9999 -9999 -9999 -9999 -9999 -9999 -9999 -9999 -9999 -9999 -9999 -9999 84.43095 88.35137 90.84843 93.05967 95.65816 98.5509 101.4157 104.2851
66.67263 71.67339 76.94791 81.79204 85.96098 89.24181 90.26035 89.2318 85.54984 -9999 -9999 -9999 -9999 -9999 -9999 -9999 -9999 -9999 -9999 -9999 -9999 66.0148 68.59846 71.54592 74.80109 77.75867 80.34693 82.44378 83.95666 84.92927 85.7701 86.35481 86.15585 84.44379 81.09854 77.55402 73.91103 69.97447 66.57246 64.14323 62.32887 -9999 -9999 -9999 -9999 -9999 -9999 -9999 -9999 -9999 -9999 -9999 -9999 -9999 -9999 -9999 -9999 -9999 -9999 -9999 -9999 84.69862 88.99474 92.2528 95.24069 98.62283 102.0613 105.0327 107.8227
69.59499 74.28421 79.1188 83.462 87.05763 89.73978 90.28452 88.94745 85.21095 -9999 -9999 -9999 -9999 -9999 -9999 -9999 -9999 60.52436 -9999 -9999 66.83167 69.40926 71.64513 74.47749 77.8212 81.02106 84.00824 85.99856 87.35634 88.24077 89.02766 88.99583 87.37538 84.70093 80.94204 77.17828 73.67434 70.27705 67.64006 65.75087 64.62197 63.6893 -9999 -9999 -9999 -9999 -9999 -9999 -9999 -9999 -9999 -9999 -9999 -9999 -9999 -9999 -9999 -9999 -9999 -9999 -9999 84.86506 89.38118 93.29745 96.95306 100.9924 105.0336 108.4356 111.1735
73.06512 77.29488 81.61053 85.4885 88.66273 90.23325 90.06982 88.3673 84.83154 -9999 -9999 -9999 -9999 -9999 -9999 -9999 -9999 63.07285 64.71442 67.39731 70.58356 73.24483 75.08781 77.31979 80.3885 83.93188 87.25868 89.21035 90.10252 90.38676 90.50401 89.74259 87.36208 84.18841 80.20145 76.11147 72.64796 70.13419 68.58651 67.71832 67.06944 66.13933 64.9698 -9999 -9999 -9999 -9999 -9999 -9999 -9999 -9999 -9999 -9999 -9999 -9999 -9999 -9999 -9999 -9999 -9999 -9999 85.1514 89.7403 94.22672 98.57306 103.1091 107.6322 111.3345 114.344
76.27364 80.14287 84.0078 87.32169 89.74493 90.64462 90.02051 87.9832 84.53876 -9999 -9999 -9999 -9999 -9999 63.46726 63.20605 63.6915 65.08205 67.36745 70.45016 73.96765 76.93563 78.82016 80.57804 82.89373 86.16955 89.46052 91.45542 92.15089 91.83269 90.89851 89.2375 86.26568 82.92207 79.07368 74.93164 71.45737 69.9463 69.49964 69.7873 69.73538 68.8363 66.94463 65.59186 -9999 -9999 -9999 -9999 -9999 -9999 -9999 -9999 -9999 -9999 -9999 -9999 -9999 -9999 -9999 -9999 81.82029 85.49306 89.97756 94.75656 99.6066 104.5477 109.394 113.6913 117.313
78.73136 82.47249 85.9716 88.89124 90.60239 90.95798 89.91145 87.56015 84.17052 79.69218 -9999 70.36059 67.04558 64.98228 64.44632 65.0703 65.83389 67.23228 69.90869 73.22321 76.83035 79.8328 81.97505 83.88195 85.86714 88.59132 91.46785 93.2997 93.6685 92.57552 90.51592 87.94133 84.76109 81.3287 77.68212 73.81343 70.69421 69.98616 70.39503 71.77553 72.31874 71.58582 69.67422 67.69458 -9999 -9999 -9999 -9999 -9999 -9999 -9999 -9999 -9999 -9999 -9999 -9999 -9999 -9999 -9999 79.9534 82.4023 85.66783 89.99492 94.8341 99.90096 105.0949 110.2377 115.1018 119.557
80.44511 84.36597 87.93329 90.68186 92.11329 91.22363 89.42473 86.72043 83.42867 79.23164 74.5361 70.28708 67.18517 65.40652 65.77054 67.59777 68.80346 70.20633 72.72235 76.05376 79.66813 82.55276 84.72787 86.7541 88.75281 91.1393 93.44598 94.86732 94.79565 92.92416 90.01398 86.49607 82.9867 79.52654 75.95242 72.60449 70.15736 70.04955 71.6674 73.84671 74.63968 73.91423 71.6017 68.95336 -9999 -9999 -9999 -9999 -9999 -9999 -9999 -9999 -9999 -9999 -9999 -9999 -9999 -9999 -9999 80.79501 82.76958 85.66177 89.77151 94.47509 99.55881 104.9179 110.3008 115.5786 120.6505
81.92146 85.83553 89.6376 92.27786 92.46445 90.60565 88.09375 85.23924 82.09811 78.52821 74.40932 70.51952 67.98329 66.9455 67.71523 69.52494 71.0795 72.82184 75.3421 78.82306 82.47561 85.2112 87.17418 89.33317 91.25092 93.51877 94.96619 95.59506 94.95853 92.67439 89.33655 85.28144 81.39101 78.06041 74.93163 72.10508 70.22149 70.58501 72.76519 74.89751 75.60876 74.77921 72.56465 69.8898 -9999 -9999 -9999 -9999 -9999 -9999 -9999 -9999 -9999 -9999 -9999 -9999 -9999 79.56812 80.34995 81.41206 82.9478 85.49109 89.28728 93.64417 98.59911 104.0866 109.6142 115.0738 120.3936
83.14816 87.10642 91.06992 93.91299 92.85772 90.1497 86.7921 83.82819 80.77571 77.70018 74.29367 70.90735 68.92567 68.37943 69.4168 71.14291 73.02929 75.09046 77.60065 81.01699 84.70496 87.81055 89.8281 91.67918 93.31767 94.78662 95.58731 95.59734 94.50339 91.83775 88.24892 84.01065 80.2082 77.18283 74.67753 72.56986 71.50911 72.22812 74.31864 76.01659 76.33095 75.13743 73.23368 70.82063 -9999 -9999 -9999 -9999 -9999 -9999 -9999 -9999 -9999 -9999 -9999 -9999 80.00545 81.2059 81.72272 82.19286 83.11993 85.2298 88.5689 92.49103 97.27693 102.7068 108.2247 113.6676 118.9682
84.4836 88.5296 92.264 94.73743 93.27699 90.07764 86.30128 83.16302 80.17805 77.38074 74.44277 71.57543 69.81028 69.34311 70.39515 72.52795 74.87987 77.41911 80.24858 83.38034 86.63519 89.687 91.89896 93.66901 94.97774 95.47128 95.69797 95.05652 93.3399 90.39243 86.55227 82.3219 79.11667 76.68311 74.81863 73.46685 72.98021 73.91403 75.93768 77.5456 77.52544 75.89738 74.34997 72.4079 70.64488 -9999 -9999 -9999 -9999 -9999 -9999 -9999 -9999 -9999 77.8414 80.07449 81.90324 82.98246 83.2545 83.20377 83.58578 85.01125 87.6472 91.16542 95.75968 101.0069 106.4633 111.8488 117.082
85.95724 89.95815 93.63111 95.23576 93.97142 90.43289 86.53165 83.2845 80.25188 77.59949 74.80458 72.24408 70.46648 70.19582 71.5217 73.92645 76.54721 79.51579 82.72473 85.65075 88.7397 91.47974 93.76533 95.64524 97.04993 97.12526 96.08847 94.57478 92.13403 88.89108 84.92271 81.0597 78.51056 76.75452 75.39903 74.75183 74.51992 75.60717 78.09178 79.5229 79.25554 77.30316 75.54259 74.28453 72.90099 71.93638 71.07864 -9999 -9999 -9999 -9999 -9999 74.46964 77.25316 79.84634 82.08777 83.7507 84.74874 84.81187 84.30371 84.20699 85.02427 87.16794 90.41657 94.89616 100.0991 105.6356 111.0451 116.2036
87.50976 91.14124 94.55219 95.67872 94.36989 90.92181 87.33304 84.07555 80.91232 78.23074 75.61727 73.50282 72.0993 71.67303 72.67323 74.87907 77.7858 80.96159 84.36465 87.45847 90.39361 93.13896 95.59936 97.81541 99.29285 98.79921 96.21749 93.78638 90.88242 87.44812 83.6653 80.38161 78.67961 77.87945 77.23657 76.71339 76.38354 77.26871 79.39912 80.40641 79.87041 78.18011 76.84425 76.0399 75.29209 74.77314 74.20903 73.57225 -9999 -9999 -9999 -9999 75.48301 78.61398 81.28323 83.58099 85.0156 85.82201 85.93567 85.49113 85.26898 85.62557 87.40392 90.3526 94.80704 100.2247 105.9856 111.5144 116.5752
89.03476 92.48343 95.64584 96.20354 94.68812 91.49887 88.29232 85.17734 82.31971 79.67754 77.2757 75.27124 74.02055 73.1951 73.81449 75.79968 79.06826 82.45779 85.81686 89.1088 92.0933 94.89228 97.44157 99.78963 100.649 99.38731 96.15679 93.12595 89.94331 86.49585 83.00069 80.29572 79.61079 79.98985 80.06074 79.76859 79.65782 80.2506 81.22114 81.58479 80.4154 78.81672 78.08958 77.99792 77.91112 77.68225 77.10564 76.10619 74.99614 -9999 -9999 -9999 -9999 78.9332 81.64751 84.18065 85.44518 86.37101 87.09534 87.5802 87.55939 87.62988 88.59154 90.89866 95.22664 100.926 107.0655 112.8089 117.76
90.7463 94.26976 97.30035 96.64317 94.99095 92.35661 89.53925 86.72274 84.23439 81.57568 79.35865 77.18486 75.404 74.47575 75.12749 77.16657 80.61572 84.17857 87.50677 90.74308 93.97003 97.10003 100.104 102.0559 102.0526 99.78114 96.09544 92.72902 89.44811 86.02584 83.11984 81.01907 81.24864 82.75521 83.27787 82.9664 83.01865 83.73119 84.27203 83.92738 82.0878 80.12428 79.61569 80.30224 80.76977 80.73838 80.01193 78.41171 76.63329 75.17808 -9999 -9999 -9999 78.30849 80.596 83.02796 84.42008 85.86739 87.50267 89.33106 89.74319 89.7551 90.15694 91.8431 95.77441 101.3609 107.5675 113.3555 118.1381
91.97423 94.54639 96.1469 95.53117 94.75872 92.96932 90.84875 88.89776 86.58947 84.08857 81.75081 79.45656 77.34803 76.09406 77.07472 79.4649 82.80838 86.07591 89.36397 92.69467 96.17243 99.83305 103.0278 104.484 103.648 100.3214 96.2 92.66026 89.48201 86.5128 84.37379 83.23054 83.85226 84.98239 85.53632 85.46973 85.68407 86.45081 86.92882 86.21751 84.0547 81.617 81.24271 82.95769 83.9102 83.97512 82.98539 80.72662 78.40311 76.33223 -9999 -9999 -9999 77.16249 78.83266 80.49238 81.90529 84.16119 86.37054 89.00537 90.29012 91.00404 91.77467 93.28864 96.40321 101.3189 107.1118 112.6103 117.0618
93.62255 94.37819 94.86997 94.56007 94.17842 93.391 92.31259 90.88499 88.877 86.37621 84.21143 81.88232 79.74911 78.51007 79.32217 81.61147 84.64677 87.79714 91.0592 94.63942 98.40819 102.2263 105.15 106.0952 104.5634 100.8266 96.52267 92.90027 89.78882 87.21547 85.52664 85.24849 86.05573 87.17509 87.73987 87.87291 88.13036 88.75255 89.33159 88.56675 86.18806 83.8744 83.27657 84.52981 85.62109 85.93411 85.07377 83.1207 80.89392 78.96062 77.49189 76.76336 -9999 -9999 -9999 79.21703 80.32594 82.47832 84.92678 87.62427 89.93888 91.65266 93.12845 94.59924 97.0888 101.0937 105.9439 110.5369 114.3848
93.75073 93.09603 92.96449 93.0245 93.23718 93.48434 93.59648 92.78015 90.95396 88.77248 86.65423 84.36636 82.12762 80.64201 81.07576 83.42645 86.22588 89.39103 92.81676 96.55137 100.542 104.4024 107.2049 107.7376 105.6227 101.7553 97.37354 93.61526 90.4955 88.36716 87.33464 87.64595 88.75073 89.56898 89.89612 89.95724 90.04603 90.31402 90.68323 90.0591 88.24545 85.72237 84.57424 85.19878 86.84596 87.7196 87.29636 85.82445 84.02532 82.14651 80.61349 79.66157 79.27165 79.43832 79.75335 79.85086 80.13142 81.70178 83.75995 86.23289 89.29837 91.83942 94.14381 95.66769 98.06323 100.8603 104.3028 107.7472 111.1464
92.4807 90.91196 90.52723 91.00456 91.81546 93.0534 94.66035 94.77314 93.38737 91.2628 89.18201 86.78844 84.5046 83.03593 83.1086 84.80946 87.46994 90.5803 94.29302 98.36226 102.3682 106.0944 109.0682 109.4596 107.0698 103.294 98.86149 94.81777 91.67752 89.70742 89.01654 89.65011 90.62069 91.32618 91.6256 91.70065 91.76406 91.90833 91.99188 91.3856 89.79349 87.48905 85.82169 86.19615 88.51678 89.96964 89.97242 89.00898 87.45088 85.87199 84.5902 83.49816 82.82433 82.64712 82.70068 82.08508 81.51456 82.31606 83.53902 85.44607 88.468 91.23967 94.00739 96.0425 98.60555 100.4284 102.6702 105.4237 108.4318
90.10822 88.41414 88.00787 88.74676 89.94042 91.83049 94.72485 96.43623 95.88596 93.97764 91.7215 89.28853 86.86528 85.48201 85.1639 86.14886 88.65768 91.51745 95.13113 99.38818 103.5917 107.2021 109.8243 109.9637 107.7713 104.1854 99.87122 95.90762 92.90968 90.88837 90.49496 91.34668 92.38409 93.031 93.28387 93.34599 93.3911 93.4706 93.4617 93.00221 91.74496 89.76931 88.15782 88.30949 90.49093 92.61038 92.87139 92.26717 91.18886 90.16888 89.20395 88.13463 87.09029 86.46959 86.09179 85.45508 84.80399 84.59308 84.47542 85.24642 87.44609 89.89683 92.55369 94.6705 97.33603 98.78687 100.4298 102.944 105.6768
