elevation.asc
ncols         469
nrows         365
xllcorner     198538.8800233
yllcorner     438669.69527598
cellsize      10
NODATA_value  -9999
[rows 150 to 179 of 365, columns 69 to 137 of 469]
86.72983 85.32835 85.08921 85.99481 88.03719 91.09087 95.06247 98.32979 98.60697 96.62977 94.32317 92.04494 89.95476 88.60626 87.8131 88.15311 89.77113 92.20541 95.5434 99.90681 104.5007 108.3746 110.2494 110.0272 108.0072 104.6139 100.6138 97.19885 94.66892 93.06648 92.84534 93.57945 94.59195 95.09132 95.21152 95.18829 95.16392 95.15514 95.09285 94.82613 93.94299 92.20016 90.73521 91.00732 92.97382 95.10749 95.90841 95.90141 95.47317 94.89999 94.12589 92.99203 91.75704 90.87241 90.31087 89.75523 89.06027 88.11545 86.74187 86.40165 87.53886 88.87502 90.49467 92.29852 94.82593 95.99313 97.61549 100.1049 102.8895
83.49895 82.47752 82.56858 83.97516 86.57587 90.54593 95.02341 98.96278 99.9929 98.95093 96.88357 94.96857 93.12732 91.73131 90.7451 90.56761 91.28977 93.16397 95.96859 100.1643 104.8672 108.8372 110.4598 110.1092 108.2752 104.998 101.3648 98.52763 96.50331 95.40688 95.53478 96.22089 97.21684 97.70241 97.75162 97.60252 97.43794 97.23065 96.85684 96.36191 95.49716 94.26535 93.33373 93.99667 95.98599 98.32824 99.68737 100.2079 100.2274 99.94859 99.34068 98.29269 97.09142 96.00858 95.28748 94.70179 93.93959 92.68284 90.88606 89.94904 90.02661 90.46996 91.31014 92.9469 94.76563 95.23022 96.32192 98.95868 102.204
80.66438 80.11249 80.6484 82.71065 85.90873 90.34989 95.15051 99.20652 100.8103 100.5871 99.65973 98.16183 96.54514 95.29113 94.39061 94.0089 94.19555 95.12435 97.05567 100.6714 105.1186 109.0098 110.6983 110.5492 108.9105 105.6417 102.4632 99.97095 98.3481 97.77544 98.49591 99.38057 100.3537 100.766 100.6808 100.3023 99.91686 99.44909 98.66196 97.93791 96.97038 95.70976 95.34756 96.33707 98.78449 101.4669 103.5536 104.6938 105.1373 105.1234 104.728 103.9157 102.7767 101.6355 100.7544 100.0323 99.16717 97.79812 95.90837 94.74174 94.38866 94.51876 95.08822 96.1454 97.3376 97.32897 97.9849 99.94098 103.3533
78.54543 78.55398 79.77549 82.15877 85.70776 90.31632 95.15443 99.26302 101.4905 102.3637 102.402 101.4827 100.3492 99.10638 98.05692 97.5027 97.47107 98.04443 99.40598 102.0312 105.8214 109.3234 111.0696 111.0269 109.4351 106.3958 103.5697 101.2495 99.71323 99.11942 99.90061 101.5152 103.3104 104.027 103.9116 103.1655 102.3637 101.4732 100.5088 99.87167 99.09833 98.00931 97.93353 99.0993 101.5963 104.6751 107.2214 109.0111 109.9273 110.1931 110.0182 109.4634 108.5543 107.5642 106.5301 105.5789 104.543 103.0932 101.1911 99.9718 99.47755 99.42671 99.64236 100.148 100.5335 100.2285 100.1983 101.3824 104.5271
76.41428 76.96681 78.7777 81.60233 85.49685 90.1094 94.75063 98.7791 101.5119 103.4018 104.6303 104.5647 103.8628 102.6271 101.5352 101.0573 101.1241 101.7166 102.6683 104.5667 107.4811 110.1628 111.8683 111.8176 110.2593 107.68 104.8982 102.468 100.5066 99.73149 100.3836 102.6284 104.8778 106.0792 106.3027 105.7654 104.9074 103.8421 102.9274 102.2616 101.5685 100.8764 101.0151 102.3174 105.039 108.2726 110.9581 113.0906 114.4281 114.9436 114.9664 114.6822 114.1422 113.3944 112.3555 111.1642 109.9076 108.3542 106.437 105.2323 104.732 104.6476 104.7346 104.8445 104.671 103.9512 103.1452 103.5111 105.6917
74.02233 75.00564 77.09702 80.68549 84.97388 89.37508 93.48668 97.18228 100.2822 102.857 104.8964 105.6645 105.6346 105.0826 104.6061 104.4891 104.9453 106.0697 106.8584 107.991 109.9068 111.7173 113.1487 113.1332 111.7223 109.4076 106.6251 104.3109 102.1935 100.9381 101.3731 103.8666 106.3652 107.9547 108.6671 108.7149 107.8537 106.7513 105.9972 105.4248 104.8662 104.5815 105.0404 106.3993 109.0677 112.1813 114.8963 117.0434 118.5006 119.1207 119.2617 119.1724 118.9255 118.4765 117.6796 116.485 115.0677 113.4249 111.4972 110.3259 109.8603 109.8253 109.8985 109.8078 109.2633 108.0665 106.5413 106.1067 107.2603
-9999 73.29195 76.07663 80.00845 84.14514 87.84247 91.05222 94.52234 97.86847 100.7937 103.5346 105.0126 105.6796 105.6951 105.5756 105.7903 106.7992 108.713 109.6681 110.6414 112.258 114.0496 114.9261 114.8062 113.505 111.4547 109.0496 106.775 104.8386 103.7197 103.6975 105.4892 108.2105 110.045 111.1416 111.6942 111.3168 110.7095 110.1496 109.5088 108.7629 108.663 109.5493 111.1852 113.741 116.4752 118.8866 120.7118 121.9382 122.5295 122.7381 122.7944 122.7812 122.6204 122.1113 121.1514 119.8252 118.158 116.2692 115.1199 114.6465 114.7134 114.8731 114.7204 113.951 112.4472 110.7952 110.0099 110.3528
-9999 72.5507 75.60204 79.34563 82.75285 85.37897 87.8819 91.05531 94.34073 97.55117 100.6055 102.7379 103.974 104.2855 104.2729 104.5259 105.5881 107.6413 109.4661 111.1323 112.9813 114.8339 115.8144 116.0264 115.2671 113.6428 111.5178 109.5664 107.7833 106.6474 106.3472 107.5569 110.1392 112.483 114.2717 115.2559 115.3992 115.1556 114.6986 113.9103 112.8265 112.7913 114.0891 115.9601 118.3178 120.7 122.8338 124.5118 125.6035 126.1463 126.3882 126.5555 126.7433 126.8521 126.5584 125.7025 124.3627 122.5195 120.7135 119.5044 118.8504 119.064 119.4249 119.3218 118.4812 117.0061 115.511 114.6854 114.5906
-9999 72.3222 75.18367 78.25508 80.57031 82.68311 84.94595 87.88362 91.08075 94.35712 97.25845 99.33226 100.4241 100.6781 100.6234 101.0218 102.4903 104.7921 107.1895 109.8123 112.0497 114.163 115.7549 116.8862 117.2483 116.2194 114.5825 112.7414 111.1438 110.2679 110.033 110.8541 112.826 115.1429 117.2213 118.6462 119.1073 119.0504 118.6723 117.9365 116.975 117.0022 118.2629 120.1113 122.4863 125.0037 127.2119 129.0394 130.3004 130.9942 131.3479 131.6176 131.9387 132.2085 131.8613 130.686 129.0142 126.82 124.9646 123.5109 122.4669 122.7255 123.3454 123.3341 122.4853 121.3315 120.241 119.596 119.4083
-9999 72.01389 74.35516 76.44966 78.13395 79.91507 81.99494 84.91027 88.04631 91.03875 93.60168 95.34068 96.36787 96.59996 96.48864 97.04955 98.87943 101.6279 104.7234 107.7662 110.0439 112.2051 114.8348 117.1856 119.1533 119.0444 117.6966 116.0956 114.8366 114.1132 113.8526 114.2441 115.5323 117.563 119.4456 120.6248 121.1402 121.1602 120.8309 120.2625 119.76 120.0703 121.479 123.7372 126.5821 129.7381 132.5276 134.7069 136.1452 137.0548 137.5217 137.8173 138.0989 138.2406 137.6147 135.9436 133.8194 131.2635 129.1749 127.4111 126.3098 126.3058 126.7778 126.8046 126.2125 125.4865 124.7804 124.3235 124.2735
-9999 -9999 72.89317 74.37104 75.60574 77.31044 79.47599 82.17567 85.14171 87.74486 89.62701 91.14067 92.26604 92.70879 92.97461 93.95403 96.14507 99.18011 102.2829 105.2672 107.9337 110.6747 113.7634 116.6703 119.6 120.6724 120.2882 119.3475 118.1871 117.3075 116.7233 116.7684 117.6678 119.3071 120.6976 121.7515 122.3345 122.4631 122.2648 121.9302 121.8187 122.4812 124.2714 127.2164 130.9025 134.859 138.3671 141.0125 142.6875 143.7178 144.1932 144.3736 144.4251 144.2043 143.1992 141.0749 138.4867 135.5995 133.3455 131.5594 130.7291 130.6639 130.8587 130.8037 130.3938 129.7751 129.0208 128.4816 128.6917
-9999 -9999 -9999 72.14757 73.30415 74.89866 76.94353 79.40611 82.18652 84.07291 85.40306 86.82673 87.9042 88.69545 89.89214 91.53887 94.38113 97.34729 100.3376 103.2938 106.2867 109.7379 113.2409 116.6362 120.0852 122.1838 122.6839 122.2135 121.1729 120.1284 119.0002 118.5501 118.9219 119.9854 121.4079 122.6753 123.5188 123.8792 123.908 123.8159 123.9808 124.9273 127.0985 130.7481 135.3568 140.0916 144.2224 147.3592 149.3049 150.4092 150.8055 150.7215 150.3957 149.7404 148.3049 145.7408 142.6302 139.5009 137.3438 136.1297 135.8424 135.9347 135.9592 135.6555 135.0475 134.113 132.8323 131.9735 132.3174
-9999 -9999 -9999 -9999 -9999 72.97144 74.79151 76.67796 -9999 80.67502 81.74483 -9999 -9999 -9999 -9999 90.39083 93.41862 96.16129 99.0692 101.9977 105.4047 109.3428 113.2794 117.2645 121.1434 124.0077 125.1189 125.0946 124.3161 122.9583 121.0036 120.0305 119.9499 120.6289 122.4292 124.1939 125.5602 126.3337 126.7144 126.8657 127.1911 128.2998 130.8241 134.7187 139.7639 145.0645 149.7808 153.3533 155.6581 157.0203 157.3719 156.9008 156.0225 154.7702 152.7005 149.5088 145.9557 142.8733 141.3396 141.0771 141.5328 141.8933 141.7622 141.0259 139.9476 138.4927 136.6254 135.5283 135.5497
-9999 -9999 -9999 -9999 -9999 -9999 -9999 -9999 -9999 -9999 -9999 -9999 -9999 -9999 -9999 -9999 -9999 95.243 97.98671 101.0052 104.8504 109.1308 113.4051 117.8604 122.2874 125.7228 127.5587 127.8921 127.0841 125.3199 123.1623 121.7196 121.3766 122.2928 124.4994 126.9471 129.2902 130.8221 131.737 132.132 132.5038 133.498 135.7528 139.4031 144.3465 149.7754 154.8932 158.9394 161.7145 163.4247 163.8092 163.0003 161.4232 159.3927 156.5109 152.8668 149.3336 146.6719 145.78 146.2487 147.167 147.7099 147.4054 146.2967 144.6916 142.7282 140.5154 139.1156 138.6996
-9999 -9999 -9999 -9999 -9999 -9999 -9999 -9999 -9999 -9999 -9999 -9999 -9999 -9999 -9999 -9999 -9999 -9999 97.51561 100.5357 104.5195 108.9197 113.3969 118.3086 123.4858 127.7744 130.2217 130.8873 130.1522 128.0886 125.5668 123.6753 123.1046 124.299 127.2505 130.8745 134.1835 136.5423 137.9327 138.5574 138.9503 139.7468 141.5562 144.7006 149.1714 154.4394 159.7078 164.2153 167.5046 169.4512 169.8985 168.8602 166.6105 163.7582 160.0782 156.085 152.6969 150.7 150.3968 151.0092 151.9127 152.4882 151.9494 150.6644 148.7874 146.4007 144.1128 142.4293 141.7446
-9999 -9999 -9999 -9999 -9999 -9999 -9999 -9999 -9999 -9999 -9999 -9999 -9999 -9999 -9999 -9999 -9999 -9999 97.67336 100.5075 104.3843 108.6861 113.1863 118.446 124.1926 129.2961 132.8882 134.2822 133.8099 131.5092 128.6672 126.1552 125.1518 126.4532 130.2108 134.952 139.3164 142.4674 144.3053 145.2434 145.7549 146.4561 147.9591 150.5661 154.4027 159.2215 164.4534 169.2278 172.9075 175.0173 175.5648 174.3155 171.5325 167.9024 163.63 159.5035 156.4205 154.8737 154.8956 155.428 156.0281 156.3022 155.6775 154.3596 152.3915 150.0874 147.8159 146.1129 145.5193
70.83525 71.58983 72.11819 72.45237 -9999 -9999 -9999 -9999 -9999 -9999 -9999 -9999 -9999 -9999 -9999 -9999 -9999 96.47969 98.59435 101.0932 104.7081 108.7416 113.0872 118.5873 124.6951 130.3714 134.8225 137.2358 137.5776 135.6472 132.8275 129.7297 127.9222 129.172 133.3205 138.6893 143.9105 147.8898 150.398 151.9189 152.732 153.4541 154.6922 156.7867 160.0254 164.2439 169.1404 173.8708 177.6727 179.9287 180.549 179.2934 176.151 171.6943 166.9251 162.8161 160.2465 159.1269 159.1896 159.6975 160.0314 159.8802 159.1002 157.6104 155.7667 153.7982 151.7882 150.3708 149.9328
75.38981 76.00297 75.97371 75.46148 75.04454 -9999 -9999 -9999 -9999 -9999 -9999 -9999 -9999 -9999 -9999 -9999 95.4844 98.04683 100.2842 102.7284 106.1376 109.9998 114.1024 119.4587 125.6321 131.684 136.83 140.1019 141.1682 140.0603 137.5678 134.2697 132.0382 132.6189 136.3994 141.9328 147.7072 152.585 156.0024 158.3117 159.6095 160.5092 161.5748 163.2913 165.9118 169.4729 173.7493 178.1105 181.7593 184.2077 185.0026 183.8105 180.4243 175.5112 170.4664 166.4294 164.0294 162.901 162.9428 163.5415 163.6855 163.0659 162.0258 160.5574 159.0473 157.3012 155.7252 154.7619 154.4963
81.19031 81.8017 81.31599 79.84878 78.00102 -9999 -9999 -9999 -9999 -9999 -9999 89.39642 -9999 -9999 -9999 95.78419 96.79592 99.40463 102.5052 105.6176 109.0258 112.7901 116.6226 121.433 127.3648 133.5858 139.1627 143.2661 145.1196 144.8482 142.8726 139.7309 137.1126 136.7451 139.4304 144.6002 150.7231 156.4847 161.0089 164.1955 166.1713 167.493 168.5997 170.0421 172.132 175.079 178.5972 182.2216 185.5614 187.957 188.9186 187.7464 184.1941 179.1083 173.9438 170.0399 167.5984 166.4208 166.3714 166.8259 166.7824 165.974 164.8501 163.437 162.1025 160.6913 159.5773 158.8998 158.6974
86.84681 87.58385 86.98192 85.14928 82.64895 80.60049 -9999 -9999 -9999 -9999 87.77171 90.95802 94.10729 96.42982 98.19582 98.752 99.05418 100.8208 104.2075 108.2084 112.384 116.4102 119.9363 124.0399 129.5518 135.7056 141.5683 146.4337 149.3232 149.9619 148.6254 145.781 142.8872 141.4703 142.793 147.1202 153.1836 159.5589 165.2383 169.5094 172.3947 174.2919 175.6401 176.9536 178.6983 181.0655 183.9589 186.8509 189.6165 191.5325 192.2363 190.9289 187.4476 182.4993 177.4669 173.6408 171.3671 170.4824 170.4198 170.5551 170.2481 169.2791 167.8604 166.3943 165.2796 164.1409 163.0512 162.3925 162.1404
91.06785 91.9953 91.59644 89.92519 87.33222 84.43526 -9999 -9999 -9999 85.2833 88.67936 92.56393 96.35291 99.28423 101.065 101.4858 101.3737 102.5193 105.7437 110.1906 115.013 119.5012 123.1116 126.9363 132.1074 138.106 144.167 149.6434 153.6155 155.3131 154.7607 152.3139 149.1552 146.7615 146.7335 149.7674 155.4318 162.2025 168.8035 174.1681 178.0291 180.6507 182.53 183.9709 185.4936 187.3504 189.679 191.9727 194.1109 195.5038 195.5935 193.8418 189.9674 185.09 180.4532 177.063 175.4185 174.9307 174.9193 174.8007 174.0848 172.6799 171.1021 169.7932 168.7444 167.539 166.4802 165.9204 165.6687
93.98318 95.12797 95.12125 93.70992 90.98072 87.5327 -9999 -9999 -9999 85.96736 89.58118 93.96351 98.29649 101.6856 103.8246 104.4978 104.5816 105.3892 107.8874 112.1677 117.1721 121.7635 125.4231 129.3562 134.3493 140.2315 146.537 152.6904 157.7553 160.7213 161.1092 159.0994 155.7365 152.5678 151.3222 152.9767 157.97 164.7196 171.7282 177.8591 182.6905 186.3075 188.9895 190.8112 192.2847 193.7884 195.5635 197.3269 198.854 199.5501 198.9037 196.4171 192.0724 187.2351 183.1015 180.4385 179.3857 179.2095 179.2454 178.9234 177.7527 176.0242 174.4755 173.0851 172.0559 171.1022 170.4639 170.1262 169.9391
95.2453 96.84245 97.40298 96.05376 93.38753 89.80395 -9999 -9999 85.3735 87.15916 90.43755 94.79962 99.33993 103.1758 105.511 106.8919 107.5961 108.5788 110.6748 114.1739 118.7488 123.2146 127.0564 131.1486 136.2517 142.2612 148.8674 155.5314 161.4136 165.6284 167.1309 165.7631 162.5003 158.8423 156.5136 156.9711 161.1207 167.4821 174.4556 180.8242 186.2908 190.8821 194.5615 197.0265 198.7673 200.0812 201.0641 201.9683 202.6592 202.6145 201.1495 198.2971 193.9008 189.1914 185.3681 183.2951 182.5932 182.5738 182.6541 182.3069 181.013 179.0829 177.4586 176.0806 175.3359 174.8564 174.5812 174.4082 174.2775
95.42036 97.16173 98.41985 97.12389 94.72187 91.6813 89.43665 87.93533 87.72505 88.98541 91.63296 95.47521 99.67342 103.5073 106.2858 108.7658 110.3696 111.8307 113.8386 116.5992 120.4424 124.6629 128.7675 133.1439 138.4938 144.6541 151.3602 158.2668 164.6702 169.7139 172.1963 171.7135 169.0235 165.4245 162.6959 162.197 165.2662 170.7234 177.1512 183.4383 189.248 194.4359 198.7161 201.8264 204.0632 205.4539 205.4163 205.2321 205.0865 204.4303 202.1235 198.9744 194.7312 190.3343 187.0271 185.5636 185.0667 184.9845 184.9873 184.7446 183.6005 181.2224 179.7816 178.7364 178.2662 178.0387 177.9803 177.8472 177.7163
94.63935 95.72292 96.96288 96.86055 95.69462 94.23731 92.55254 91.24284 90.91871 91.74236 93.88809 96.6731 99.94804 103.2888 106.2901 109.764 112.9264 115.4139 117.4571 119.7919 123.0388 127.0169 131.3245 136.0144 141.3691 147.3977 153.9806 160.7913 167.2214 172.5764 175.7874 176.2944 174.6398 171.7072 169.062 168.0574 169.9222 174.2557 179.8334 185.6897 191.4576 196.7875 201.1371 204.4327 206.7129 208.4691 207.3757 206.384 205.6023 204.3213 201.6252 198.6351 194.9103 191.1324 188.8711 187.8137 186.875 186.1517 185.575 184.914 183.8033 181.7999 180.6045 180.0084 179.9626 180.017 180.3262 180.1752 180.0271
92.71079 93.64993 95.14593 96.52151 97.21332 96.97976 96.14497 95.472 95.26583 95.75434 97.1813 99.15404 101.2481 103.9217 106.7687 110.6556 114.7654 118.3916 121.1099 123.7699 126.9572 130.7641 134.9872 139.6094 144.7466 150.4632 156.6315 163.061 169.2746 174.6558 178.4769 179.9262 179.5557 177.6812 175.5298 174.4705 175.3401 178.5027 183.0182 188.157 193.4863 198.2386 201.8675 204.3224 205.3797 205.9593 205.3181 204.6338 203.9513 202.6287 200.5089 197.9799 194.8897 191.6638 190.0952 189.2864 187.4362 185.7328 184.2331 182.7142 181.1417 179.8849 179.3613 179.2975 179.5219 180.0878 181.381 181.1111 180.8665
90.12026 91.1186 93.28512 96.19652 98.79008 99.79513 100.0136 100.0311 100.0128 100.2418 100.9986 102.3227 103.8927 105.997 108.4792 112.2496 116.6136 120.9343 124.32 127.5238 131.1594 135.1029 139.0507 143.1035 147.7865 153.1157 158.7786 164.6118 170.3149 175.4885 179.6296 182.1374 183.328 182.8273 181.5214 180.8149 181.3123 183.3264 186.8241 191.2344 195.8743 199.2887 201.3116 202.2276 202.0959 201.8517 201.25 200.7691 200.3898 199.7765 198.7301 196.9583 194.7268 192.0593 190.276 188.6655 186.0722 183.5567 181.1049 179.1749 177.3735 176.3476 176.0122 176.0823 176.4607 177.3371 178.8914 179.3877 179.6336
87.38144 88.93709 91.75891 95.68145 99.43021 101.7539 103.1091 103.8788 104.1148 104.3034 104.8301 105.8644 107.2443 109.4493 111.6267 114.8078 118.6769 122.9116 126.4227 129.9624 133.9181 137.9959 141.8182 145.3751 149.5822 154.4027 159.5884 164.9304 170.1786 175.0951 179.3482 182.591 185.038 186.363 186.6571 186.8374 187.4818 188.8787 191.174 194.2757 197.6055 199.4002 199.6755 199.3773 198.6532 197.9083 197.0336 196.5413 196.3298 196.1503 195.8112 195.086 193.7714 191.3055 189.1785 186.4334 183.2362 180.1273 177.3237 175.3498 173.8202 172.9694 172.6606 172.7309 173.1252 173.9139 175.0031 175.7176 176.4722
84.86656 87.17496 90.90111 95.42419 99.71964 102.8121 104.8231 105.8102 106.2087 106.5682 107.3927 108.905 110.4373 112.7909 114.5636 116.8882 120.0256 123.6668 126.996 130.5499 134.4725 138.4081 142.0177 145.5352 149.5231 153.9891 158.8487 163.8727 168.7617 173.4406 177.7233 181.615 185.3889 188.6568 190.8492 192.2687 193.5821 194.7948 195.7278 196.6344 197.2966 197.3066 196.458 195.583 194.8201 194.1354 193.3718 192.9129 192.7882 192.8176 192.8225 192.5837 191.7831 189.9659 187.4197 184.0845 180.2972 176.8038 173.9938 171.9727 170.5057 169.7291 169.3298 169.2938 169.5877 170.2101 170.9716 171.7633 172.8876
83.25051 86.52323 90.68224 95.3141 99.64059 102.8616 104.9863 105.9498 106.2952 106.6476 107.5721 109.3434 111.2381 113.6322 115.3088 117.2121 119.796 122.8238 126.0102 129.5415 133.1609 136.7905 140.4631 144.0422 147.8017 151.9591 156.6076 161.4534 166.0447 170.6081 175.181 179.7702 184.4285 188.8905 192.7117 195.653 198.3513 199.9479 199.3334 197.769 195.9907 194.5692 193.0279 191.6835 190.8655 190.2701 189.6646 189.2229 189.1393 189.2335 189.3758 189.4178 189.1055 187.9271 185.3447 181.7287 177.7356 174.2357 171.2425 169.1229 167.6073 166.664 165.9149 165.7154 166.0096 166.7665 167.5146 168.3261 169.3752
