elevation.asc
ncols         469
nrows         365
xllcorner     198538.8800233
yllcorner     438669.69527598
cellsize      10
NODATA_value  -9999
[rows 150 to 179 of 365, columns 138 to 206 of 469]
106.3458 109.7265 113.4428 118.392 123.9843 129.7333 134.8653 139.4271 143.569 147.2951 150.8058 154.4958 158.3917 162.0555 164.7327 166.7047 168.468 169.5663 170.2002 170.7675 171.5376 172.8446 174.1407 175.7209 177.7602 180.6568 184.6351 189.3733 194.4867 199.6624 204.711 209.4809 213.6613 217.1882 220.8727 225.0067 229.2609 233.4662 237.3384 240.7155 243.5808 245.7932 247.7448 248.855 248.7822 247.4651 244.8666 241.5487 238.4085 235.2647 232.1424 229.2868 227.0407 225.9546 225.626 225.7095 226.0834 226.8632 228.2103 229.3135 230.4865 232.0185 233.5175 235.0921 236.6451 238.4623 240.706 243.3047 247.0124
106.1573 109.4179 112.5321 117.1287 122.5583 128.2826 133.5699 137.9069 141.633 145.1784 148.6205 151.9341 155.2307 158.3669 160.6882 162.491 163.9611 165.0473 166.1832 167.758 169.8198 172.2579 174.8309 177.5411 179.6633 181.8382 185.1974 189.6015 194.5907 199.7442 204.8336 209.7155 214.1749 218.0705 221.8685 226.0454 230.4131 234.8059 238.9307 242.5033 245.5537 248.2272 250.4655 251.5624 250.9978 248.8579 245.1577 240.977 237.2247 233.8455 230.5118 227.5283 225.013 223.219 222.3636 222.1849 222.4595 223.1831 224.4043 225.7516 227.4676 229.4455 231.4842 233.5269 235.2345 237.2922 239.6079 241.6326 244.5192
107.3066 110.3023 112.7903 116.5556 121.4733 126.9793 132.0768 136.1218 139.4994 142.5321 145.5465 148.5023 151.2583 154.001 156.3005 158.2864 159.834 161.455 163.5163 165.9475 169.3625 172.8302 176.2728 179.6548 182.3417 184.1894 186.6377 190.5138 195.3035 200.3504 205.3725 210.2901 214.9675 219.3163 223.476 227.617 231.7961 236.0347 240.1283 243.9283 247.1769 250.205 253.0397 254.7485 253.5765 250.1766 245.587 240.7339 236.3113 232.5866 229.2928 226.2139 223.4343 220.8321 219.3654 218.7947 218.78 219.2181 220.197 221.7706 223.8805 226.1545 228.6573 230.9426 233.256 235.7713 238.4647 240.2032 241.7547
108.5754 112.1119 114.4551 117.1076 121.0899 125.8951 130.3387 134.1207 137.0785 139.5502 142.1807 144.7529 147.3685 149.8508 152.2436 154.7136 156.8976 159.6855 162.603 165.8421 169.8375 174.0444 178.1318 181.6456 184.3128 186.1974 188.541 192.1046 196.8076 201.7534 206.6625 211.5493 216.2724 220.7437 225.1085 229.4506 233.6484 237.5426 241.1687 244.7788 248.0892 251.2459 254.4387 255.8402 254.5733 250.7567 245.775 240.5406 235.6343 231.3902 227.9147 224.7063 221.4589 218.3005 215.9324 214.7513 214.3811 214.5995 215.4879 217.2289 219.6511 222.3221 225.0527 227.7619 230.4784 233.3335 236.0433 237.6787 238.5306
109.432 113.227 115.9001 118.2551 121.2264 125.0657 128.825 132.2147 134.8902 136.6107 138.7826 141.5107 144.4929 147.1185 150.1644 153.1555 156.1863 159.6871 163.1794 166.7676 170.8757 175.2098 179.5003 183.2213 185.7496 187.8385 190.4124 194.2032 198.8856 203.8591 208.8433 213.7595 218.4752 222.8607 227.0736 231.3627 235.4232 239.0571 242.2052 245.2855 248.4119 251.4691 254.6124 255.7401 254.4132 250.5253 245.4513 240.0608 234.8642 230.2034 226.3513 222.9146 219.3155 215.7539 212.4574 210.4931 209.6629 209.6633 210.5185 212.3436 215.0302 218.0243 220.8539 223.831 226.7002 229.5428 231.9877 233.3352 234.0325
110.243 113.7843 116.5748 119.1284 121.607 124.6343 127.71 130.8622 133.8037 135.3212 137.2223 140.2096 143.5494 146.7416 150.3036 153.8795 157.3873 161.1085 164.8923 168.6617 172.5196 176.4679 180.4915 184.1414 186.8081 189.234 192.1891 196.3059 201.1133 206.1623 211.2142 216.1527 220.8596 225.2561 229.4803 233.6152 237.2668 240.2792 242.9037 245.4241 248.1873 250.9475 253.612 254.3516 252.9387 249.1748 244.2189 238.8403 233.4785 228.4433 224.1907 220.3421 216.5855 212.8332 209.1412 206.4524 205.117 204.8824 205.7658 207.7195 210.3384 213.334 216.1272 219.0836 221.8094 224.4704 226.4857 227.6103 228.3985
111.951 114.5814 117.0795 119.4942 121.747 124.3016 126.916 130.1209 133.3379 135.3459 137.7953 140.506 144.1004 147.9135 151.5993 155.2316 159.0938 163.0949 166.8384 170.4253 174.1793 177.9184 181.5201 184.8826 187.7609 190.6589 194.3391 198.8145 203.7519 208.8512 213.9245 218.8375 223.4488 227.6555 231.6419 235.4865 238.8566 241.2368 243.2029 245.0993 247.2244 249.3675 250.8552 251.0691 249.6616 246.3524 241.7921 236.6342 231.299 226.1245 221.5279 217.446 213.5338 209.5506 205.6896 202.8507 201.1674 200.7679 201.5396 203.4228 205.7553 208.5526 211.1819 213.9884 216.495 218.8636 220.4538 221.4039 222.3438
115.1982 116.4599 118.2217 120.0935 122.1425 124.2592 126.5453 129.8434 132.9885 135.2426 137.6917 140.541 144.3762 148.5301 152.52 156.0585 159.9659 164.1685 168.1214 171.5666 175.2214 179.0718 182.6469 185.6308 188.7257 192.1069 196.321 201.0986 206.1537 211.2824 216.3378 221.1705 225.6272 229.7247 233.5926 236.9474 239.737 241.552 242.8368 243.9964 245.2695 246.6352 247.3948 247.1524 245.6463 242.9139 238.8777 234.1026 228.9435 223.7088 218.8954 214.5018 210.3664 206.3834 202.5154 199.7613 197.972 197.3709 197.941 199.4356 201.4586 203.9728 206.3406 208.9133 211.1542 213.2317 214.5191 215.3372 216.3661
119.566 120.033 120.8574 122.0878 123.9693 125.8484 127.9948 131.0676 134.0155 136.0085 138.0624 140.601 144.1414 148.0111 151.9851 155.5896 159.5873 163.9386 168.0406 171.6151 175.378 179.2678 182.7153 185.8611 189.5467 193.674 198.3031 203.2612 208.3724 213.5092 218.5487 223.2966 227.4742 231.1586 234.7038 237.7223 240.0055 241.2581 241.7653 242.0691 242.4234 242.9921 243.0979 242.5008 240.9312 238.602 235.1509 231.0006 226.2794 221.2663 216.3174 211.6611 207.4484 203.5982 200.0204 197.2489 195.343 194.6532 194.8921 195.9496 197.7936 199.9233 201.9296 204.1277 206.0051 207.7366 208.7583 209.4619 210.5213
124.414 124.6653 125.1783 126.2031 127.8626 129.6937 131.7958 134.3213 136.6183 138.4201 139.7876 141.4116 143.9548 146.7792 150.4071 154.1787 158.2506 162.7525 166.9849 170.9579 175.0856 179.0783 182.5862 185.9048 189.9159 194.4565 199.3482 204.4188 209.5573 214.6958 219.7463 224.528 228.7428 232.1648 235.2669 238.0525 239.9965 240.6264 240.16 239.4254 238.6404 238.1871 237.6381 236.8442 235.5169 233.6404 230.8761 227.6447 223.59 218.9752 214.0459 209.2141 204.8166 201.0378 197.854 195.1969 193.1364 192.2148 192.2498 193.1067 194.7384 196.5753 198.2338 199.8414 201.2544 202.5056 203.2457 203.8606 204.9822
129.1404 129.589 130.2352 131.428 133.0463 134.7068 136.577 138.6313 140.2368 141.4712 142.4913 143.792 145.3137 147.1537 150.0738 153.2169 157.2412 161.8538 166.4282 170.7846 175.1487 179.2265 182.7724 186.0821 190.0899 194.7297 199.713 204.8108 209.9337 215.0556 220.1165 224.9514 229.2408 232.6129 235.4738 238.1373 239.8839 239.9419 238.4528 236.3387 234.7214 233.347 232.0127 230.9556 229.8333 228.3046 226.1168 223.6454 220.3353 216.3337 211.6199 206.8036 202.4271 198.9555 196.0602 193.5355 191.1296 189.9919 189.831 190.4529 191.9249 193.6077 194.9275 196.0674 197.193 198.0146 198.5191 199.058 200.1524
133.261 134.1719 135.1848 136.6785 138.4719 140.1382 141.8464 143.5599 144.6553 145.3217 145.9249 146.9568 148.3846 150.0756 152.599 155.5559 159.3404 163.5218 167.8937 172.0381 176.1059 179.9672 183.5207 186.6774 190.4041 194.9646 199.9402 204.9816 210.0218 215.0824 220.1244 225.0021 229.3953 232.8642 235.6098 238.0633 239.3746 239.0793 236.9062 234.0662 231.3693 229.1754 227.1236 225.6496 224.4349 222.9776 221.194 219.3059 216.7551 213.4364 209.3277 204.7876 200.5477 197.1255 194.2965 191.6962 189.4098 187.8906 187.4487 187.8823 189.0806 190.4461 191.7294 192.7137 193.5605 194.0462 194.4184 195.006 196.2061
136.5914 138.0583 139.6646 141.7009 143.9034 145.831 147.6015 148.9858 149.6776 149.9317 150.1467 150.7557 152.0303 153.9497 156.6062 159.6144 163.252 167.071 171.1587 175.0686 178.6134 181.5984 184.668 187.6176 191.122 195.6531 200.6275 205.5203 210.3724 215.2927 220.2486 225.1335 229.6677 233.4126 236.1621 238.2681 238.8776 237.9141 235.3648 231.9634 228.8429 225.9993 223.4683 221.4096 219.8362 218.2807 216.572 214.9119 212.8755 209.9985 206.6153 202.4775 198.5075 195.1265 192.2394 189.6297 187.288 185.59 184.9844 185.1496 185.9669 187.2645 188.4791 189.2018 189.6613 190.0146 190.5896 191.6236 193.2166
139.6047 141.2748 143.6667 146.4943 149.4048 151.7942 153.7052 154.8032 155.1394 155.0344 154.8766 154.9491 155.9403 157.7463 160.4445 163.7647 167.54 171.3943 175.3137 178.8217 181.6844 184.1774 186.6088 189.3094 192.7437 197.3422 202.3354 206.9653 211.5195 216.2127 220.9709 225.769 230.3886 234.6432 237.6039 239.0628 238.7049 237.176 234.5404 230.8699 227.3293 224.1326 221.0707 218.5456 216.3585 214.4884 212.6112 210.6644 208.6319 205.9693 203.0943 199.5652 196.0591 192.9089 190.0363 187.4021 185.1075 183.454 182.6239 182.5503 183.0677 183.9974 184.7874 185.3474 185.7235 186.2129 187.2598 188.8254 190.8479
142.6986 144.8109 147.9161 151.6658 155.2914 158.1386 160.091 160.9583 160.9574 160.4666 159.9772 159.7597 160.1828 161.4873 164.0514 167.3413 171.1718 175.1305 178.968 182.3143 184.8035 187.0016 189.2363 191.9785 195.6471 200.1295 204.8384 209.3474 213.7758 218.2456 222.6979 227.3095 232.0377 236.3083 239.1938 239.9147 238.3676 236.4743 234.0159 230.3066 226.3865 222.9569 219.7588 216.78 214.1188 211.5553 209.3289 206.8767 204.5201 201.8633 199.2514 196.2885 193.479 190.5985 187.8041 185.1609 182.8972 181.2603 180.2224 179.9171 180.0799 180.5385 181.1059 181.801 182.3264 183.0172 184.2884 186.2009 188.9168
146.3709 148.8101 152.7787 157.3349 161.4993 164.6276 166.601 167.2958 166.9782 166.0123 165.1238 164.4972 164.354 165.1169 167.202 170.2871 174.1152 178.074 181.7238 184.9558 187.6492 190.1228 192.622 195.8652 199.7795 204.203 208.6559 212.737 216.798 220.9538 225.194 229.7567 234.3431 238.1766 239.9072 239.593 237.1136 235.285 233.2491 229.8289 225.8365 222.1496 218.779 215.4022 212.3169 209.4784 206.7731 203.9346 201.0511 198.3129 195.681 193.0841 190.6029 188.2314 185.556 182.9167 180.5772 178.947 177.7525 177.2206 177.1699 177.4051 177.8689 178.5832 179.1612 179.9922 181.435 184.107 187.1824
150.7202 153.2058 157.6696 162.7573 167.2202 170.4414 172.4257 173.0527 172.5912 171.322 170.0924 168.9555 168.1343 168.3544 169.9543 172.6818 176.2719 180.051 183.7889 187.2262 190.4441 193.6749 196.9035 200.7544 205.0492 209.4985 213.7579 217.5256 221.0552 224.6918 228.3543 232.5625 236.5573 239.4534 240.006 238.7138 235.9877 233.9202 231.8276 228.9499 225.114 221.1646 217.5337 214.0305 210.6 207.513 204.5858 201.3478 198.2401 195.3231 192.6228 190.0597 187.664 185.4327 183.1963 180.6035 178.1492 176.1683 174.9681 174.3054 174.1205 174.1797 174.4722 175.0453 175.7682 177.0846 179.2041 182.2286 185.7361
155.1625 157.3684 161.6458 166.7657 171.3485 174.5111 176.5492 177.3218 177.1299 176.1366 174.8509 173.234 171.8206 171.4992 172.5943 174.8249 178.1005 181.5671 185.2977 189.2347 193.164 197.227 201.4274 205.95 210.6453 215.1817 219.3594 222.9245 226.0064 229.1883 232.3398 236.1214 239.1917 240.5897 239.7715 237.1667 234.5935 232.2791 230.0117 227.4142 223.8628 219.9541 216.0602 212.3439 208.7893 205.5084 202.596 199.2645 195.9232 192.8344 189.954 187.2318 184.6984 182.4601 180.3452 178.1714 175.7058 173.5942 172.1414 171.0623 170.6414 170.5949 170.9064 171.7001 172.7342 174.421 176.9778 180.6139 184.6006
159.1505 160.8155 164.3484 168.9923 173.4802 176.7869 179.1667 180.3423 180.8768 180.591 179.6377 177.8855 176.2666 175.4832 175.7415 177.0581 179.7297 183.0298 186.8089 191.1565 195.7645 200.5597 205.5142 210.6267 215.7513 220.5205 224.7146 228.1057 230.9451 233.8157 236.6062 239.6418 241.7932 241.9887 239.8552 236.3983 233.3799 230.5583 227.7634 224.8507 221.6471 218.1805 214.4269 210.4579 206.6028 203.2373 200.1903 197.0729 193.9385 190.702 187.6047 184.6281 181.7575 179.431 177.3113 175.2429 173.1343 170.922 169.4091 168.1712 167.6157 167.5238 167.8711 168.8006 170.0668 172.1086 175.4589 179.484 183.5115
162.3676 163.4584 165.9487 169.9155 174.1402 177.4783 180.0907 182.0969 183.8236 184.442 184.3352 183.0262 181.3627 180.297 179.9941 180.523 182.194 185.1588 188.9778 193.5119 198.476 203.7144 209.1508 214.6463 219.9801 224.8931 229.1489 232.5322 235.4043 238.0298 240.531 242.8506 244.2891 243.5603 240.2267 236.1053 232.5604 229.3059 225.7774 222.2109 218.9507 215.7671 212.4877 208.6349 204.7799 201.1405 198.0091 194.999 192.0044 188.9095 185.6082 182.41 179.3616 176.5646 174.2976 172.1666 170.0899 168.1129 166.6022 165.3795 164.8147 164.6916 164.9823 165.9372 167.8407 170.6249 174.3762 178.3413 182.0712
165.6572 166.1015 167.5318 170.561 174.2402 177.3155 179.8827 182.1585 184.5885 186.42 187.9429 187.65 186.3942 185.4253 184.9198 184.9832 185.9184 188.118 191.441 195.8337 200.8901 206.3498 212.094 217.8573 223.3334 228.3683 232.7693 236.3056 239.3943 241.8036 243.9678 245.455 245.7637 244.1614 240.326 235.8835 231.965 228.4819 224.6189 220.567 216.8327 213.6861 210.4157 206.7283 203.2808 199.8436 196.3241 193.3268 190.3502 187.2204 183.9545 180.5604 177.3081 174.271 171.4934 169.2078 167.0707 165.1919 163.796 162.6239 162.0035 161.8689 162.2816 163.5536 165.9194 169.2351 173.004 176.6275 180.1661
169.8284 169.8985 170.4745 172.0134 174.6126 177.0394 179.1268 181.1149 183.8519 186.4818 189.3237 190.4826 190.5753 190.2537 189.9265 189.8506 190.3325 191.8114 194.4867 198.4895 203.3954 208.8075 214.4971 220.2291 225.723 230.855 235.5246 239.5789 243.0512 245.4436 246.9908 247.7552 247.0019 244.5322 240.4256 235.835 231.6004 227.9792 224.1553 219.963 215.9521 212.6432 209.367 205.7489 202.4929 199.2406 195.6366 192.4043 189.3042 185.8306 182.4308 179.1115 175.6698 172.3802 169.3115 166.5051 164.2052 162.229 160.6734 159.6782 159.0981 159.0158 159.5934 161.2427 164.0858 167.3942 170.8889 174.3282 177.6436
174.151 174.0666 174.1771 174.7065 175.7898 177.3675 178.8168 180.4325 183.1128 186.1739 189.6771 192.1267 193.7181 194.241 194.4068 194.5566 194.901 195.7833 197.6536 201.1021 205.7582 211.0367 216.6293 222.3381 227.8463 233.0722 237.9895 242.4098 246.3376 249.1409 250.4906 250.3665 248.5023 245.2422 241.0221 236.4827 232.1349 228.3421 224.4737 220.27 216.0902 212.5579 209.125 205.4538 202.2183 199.0179 195.2913 191.8021 188.612 184.9949 181.2835 177.9726 174.6035 171.0313 167.7583 164.5997 161.6935 159.591 157.8805 156.771 155.9516 155.8837 156.7852 159.0676 161.9707 165.1991 168.4615 171.5543 174.6719
177.5962 177.483 177.4265 177.532 177.8966 178.527 179.1927 180.2512 182.7031 185.8454 189.5199 192.5307 194.923 196.5044 197.6776 198.6374 199.3989 200.2127 201.563 204.2956 208.5607 213.5737 218.9666 224.4837 229.9203 235.2259 240.3933 245.3008 249.6926 252.7529 253.9469 253.1337 250.2347 246.4854 242.3876 238.0596 233.6708 229.5667 225.5923 221.4776 217.1213 213.2339 209.3874 205.5095 202.1809 198.9131 195.0147 191.1866 187.9008 184.4409 180.6789 177.3037 174.0165 170.3109 166.7896 163.5398 160.1511 157.5353 155.617 154.5945 153.838 153.806 154.7628 156.7783 159.4676 162.4819 165.3346 168.3216 171.3113
179.9603 179.932 179.8986 179.8718 179.8812 179.9218 179.9707 180.434 182.5672 185.4847 188.8962 191.9856 194.9385 197.4918 199.855 202.0291 203.651 204.8157 205.9418 207.9724 211.5991 216.178 221.3195 226.6367 231.9565 237.252 242.5332 247.6933 252.3556 255.4379 255.9715 254.64 251.6296 248.0537 244.0463 239.6847 235.2679 231.1224 227.2295 223.227 218.8792 214.515 210.0463 205.8028 202.2763 198.8661 194.8472 190.8613 187.5068 184.1409 180.327 176.7878 173.5246 169.784 165.9706 162.5663 159.2803 156.0704 154.0951 152.865 152.1112 151.9159 152.5255 154.0352 156.187 158.8338 161.6524 164.7236 167.883
180.8531 180.9892 181.0751 181.0555 180.9413 180.75 180.6332 181.0031 182.5355 184.9049 187.571 190.5367 193.9704 197.3231 200.793 204.3572 207.2971 208.9981 210.2887 211.9752 215.0736 219.1195 223.9429 228.9689 234.0402 239.1308 244.263 249.2868 253.6397 256.1449 256.5916 255.3685 253.0204 249.774 245.8994 241.6298 237.3046 233.2521 229.2657 225.0645 220.669 216.063 211.068 206.3826 202.5441 198.8966 194.7804 190.7453 187.3591 183.9888 180.0538 176.232 172.9245 169.3443 165.4268 161.8236 158.6256 155.411 153.0707 151.538 150.5964 149.9482 149.9178 150.6336 152.2008 154.7504 158.019 161.3576 164.9042
180.0315 180.5912 180.9529 181.1019 181.0796 180.8632 180.7088 180.9176 181.9265 183.7974 185.7001 188.4332 192.0973 196.1505 200.5786 205.0362 208.8678 211.4196 213.525 215.3166 218.1566 221.8255 226.1087 230.5664 235.0948 239.6358 244.2843 248.9104 252.9369 255.3658 256.226 255.8097 254.3596 251.7592 248.414 244.447 240.2347 236.0014 231.7278 227.2217 222.6695 217.8634 212.5536 207.3971 203.109 199.0984 194.8717 190.8438 187.4509 184.0165 180.0175 176.0965 172.7239 169.1278 165.0527 161.1228 157.9147 154.9227 152.3474 150.4093 149.1528 147.7959 147.1284 147.3141 148.5382 150.9612 154.3573 158.0295 161.8078
177.5675 178.7356 179.4535 179.9153 180.1823 180.0101 179.8545 179.8478 180.3281 181.7167 183.4536 186.1057 189.8937 194.4463 199.4101 204.251 208.4592 211.6411 214.411 216.7502 219.887 223.6841 227.4896 231.1204 234.7764 238.3268 242.1249 246.1663 249.9734 252.9926 254.7434 255.5932 255.397 254.2894 251.4704 247.7113 243.6657 239.3342 234.8665 229.925 224.9207 219.8222 214.3795 208.9053 204.077 199.6221 195.2891 191.3213 187.8929 184.3099 180.3263 176.4801 173.0197 169.213 164.9266 160.81 157.522 154.5745 151.7137 149.4036 147.2745 145.2722 144.0744 143.8164 144.7902 147.2561 150.6949 154.5588 158.6614
174.1052 175.2851 176.3148 177.3586 178.1134 177.9598 177.7722 177.7417 178.1767 179.4277 181.1031 183.8796 187.5959 192.2865 197.3886 202.1523 206.2733 209.7843 213.0063 215.8021 219.3983 223.4188 227.0452 229.873 232.7133 235.1841 238.0428 241.5382 245.3744 249.0327 252.0968 254.9153 256.7039 257.0668 254.8817 251.2973 247.2331 242.6334 237.7144 232.4204 227.1001 221.8921 216.3876 210.7162 205.4372 200.6134 196.2344 192.3751 188.7538 184.9105 181.0491 177.4383 173.7356 169.4939 164.9567 160.7179 157.3328 154.259 150.9652 148.2073 145.4809 142.729 140.6935 139.8929 140.7838 143.537 147.1513 151.0633 155.2924
170.4502 171.525 172.7199 173.7412 174.4842 174.7205 174.8804 175.0793 175.6453 177.0462 179.0624 182.0148 185.8428 190.4228 195.1652 199.4558 203.2234 206.4244 209.6903 212.856 216.6577 220.6535 223.9196 226.3309 228.6584 230.5447 232.8187 236.1045 240.1113 244.4887 249.0445 253.6366 257.2599 259.2797 257.4578 253.9919 249.604 244.7223 239.6137 234.348 229.0706 223.8057 218.3377 212.6734 207.185 202.139 197.6681 193.5913 189.5632 185.6101 182.008 178.4504 174.3351 169.7418 165.0361 160.7407 157.3054 154.1208 150.5885 147.4621 144.3173 140.8511 138.0804 136.5327 137.2105 139.9588 143.4973 147.5168 151.7597
