inter_relief.asc
ncols         469
nrows         365
xllcorner     198538.8800233
yllcorner     438669.69527598
cellsize      10
NODATA_value  -9999
[rows 155 to 185 of 365, columns 71 to 141 of 469]
15.50031 17.76562 19.55239 19.91739 18.75905 18.02283 17.0145 14.60919 11.33887 8.14393 7.63818 8.2876 9.32813 11.24193 12.19703 13.66123 15.51023 16.78947 16.40842 13.9952 10.205 9.6306 12.4567 14.7769 15.55387 14.52338 12.39838 10.44698 11.01978 13.36358 14.37109 13.7407 13.0355 13.926 14.8904 15.52753 16.30087 17.14629 16.76507 18.02657 20.38427 22.76647 24.90027 25.4125 24.0072 21.4712 19.1668 17.5444 18.189 19.2879 20.322 21.2732 22.3091 23.7589 25.3673 25.7307 24.88515 23.09279 21.28679 20.07769 19.99819 19.99819 19.78254 19.1738 18.2829 16.8078 16.2616 16.8393 15.5664 13.5671 13.7832
15.55999 17.7872 19.56696 20.52402 20.94159 20.71869 19.95045 17.78088 14.59885 11.33798 8.43665 6.45804 6.3751 8.0896 9.0447 10.1105 11.8572 13.1173 13.1461 12.3195 9.7672 9.5683 12.3501 14.7803 16.7417 16.48791 14.85101 13.00991 13.09451 15.41141 16.8377 16.0178 14.2295 15.2652 16.1799 16.8457 17.5388 18.174 17.7959 19.2349 21.6099 24.1273 26.1968 26.722 25.2614 22.7216 20.3898 18.527 17.7965 18.8141 19.853 21.0443 22.3009 23.8543 25.4243 25.4537 24.2822 22.1724 20.317 18.8633 18.6978 19.3942 20.2002 20.1889 19.3401 18.1863 17.0958 17.3463 16.3961 14.5373 12.6214
15.08338 17.36119 19.13152 20.73262 22.14825 22.94193 22.90146 20.75423 17.63329 14.65635 12.09342 10.44962 10.43133 12.22436 13.17946 14.08275 14.10187 13.206 11.091 9.4194 9.2465 9.7457 12.5282 14.8424 16.9598 18.1063 16.7585 15.1575 14.5942 16.6249 18.0725 16.7582 14.775 14.4089 15.163 15.7354 16.294 16.5787 16.8975 19.1557 22.0006 25.1566 27.4872 28.3076 27.0775 24.8735 22.6254 20.7739 19.5983 19.7641 20.561 21.7556 23.1729 24.8157 26.1175 25.6177 23.9591 21.4382 19.3496 17.6033 17.5413 18.7381 20.2633 20.6979 20.1058 19.3798 18.6737 19.0716 18.9428 17.6196 15.9094
14.49412 16.57316 18.15905 20.1513 22.26273 23.48326 24.05861 22.83693 20.53789 17.95024 16.06809 14.64963 14.53316 16.00421 16.69349 17.17827 16.83623 15.65379 13.5315 11.9184 11.6663 9.9977 11.6228 13.8974 15.8338 16.9527 16.5907 15.65 14.4896 15.6096 17.0001 16.2623 14.124 12.4181 12.3135 12.9543 13.7002 13.8182 15.6084 18.5534 22.2395 26.196 28.8178 29.8273 28.9465 27.2426 25.3066 23.6618 22.4869 21.8956 22.3138 23.2737 24.5999 26.0463 26.93 25.955 23.8402 20.953 18.699 16.9129 16.9077 18.4115 20.0635 20.7938 20.3839 19.7652 19.5791 20.2253 21.0752 21.0953 20.1254
13.90316 15.16055 16.62744 18.90774 21.03658 22.65251 23.66197 23.33179 21.78748 20.21259 18.88244 17.69917 17.6839 18.94585 19.57396 19.59343 18.60017 17.48661 15.4768 13.8918 13.7985 12.4459 11.1661 13.1175 14.9006 16.0365 16.3367 15.8663 14.8257 13.7812 15.0607 15.1184 13.3796 11.3962 9.6363 9.9977 11.1543 12.136 14.3072 17.9568 22.5655 27.3003 30.1333 31.3991 30.9871 29.7092 27.9717 26.2937 25.202 24.6592 24.4173 25.019 26.033 27.2209 27.5914 26.2364 23.7798 20.6505 18.4934 17.2793 17.478 18.9531 20.4482 20.9701 20.4569 19.5224 19.5813 20.5942 22.0879 23.2737 23.6783
12.3085 13.02243 14.90887 17.48783 19.54788 21.38568 22.46694 22.6543 21.24648 20.00308 18.93327 17.6913 17.78071 18.79492 19.13553 19.42147 18.63108 18.00171 16.6857 15.2668 15.7387 14.6649 11.878 12.3775 13.9751 14.851 15.0859 15.0616 14.2831 12.9253 12.3962 13.3398 12.7342 11.1908 9.4931 8.9292 10.2161 11.3248 13.8491 17.7437 22.7889 28.0623 31.5179 33.242 33.1718 32.0166 30.16 28.3325 27.0715 26.3777 26.024 26.2148 27.0083 27.9502 27.7359 25.9979 23.4888 20.4064 19.4264 19.4264 19.4264 20.5618 21.5212 21.4299 20.5393 19.0844 18.65 20.2563 22.2926 24.3374 25.798
-9999 11.0534 12.61746 14.96269 17.08043 18.79953 19.65084 19.80908 18.65228 17.3831 16.43464 15.34384 15.54287 16.47705 17.06883 17.68037 17.32391 16.9621 16.84809 16.8552 17.437 16.592 14.3178 11.7965 13.0555 13.7789 14.0395 14.0395 13.2315 11.4673 10.6468 12.703 13.7579 13.2591 12.2914 11.8695 12.7438 13.738 15.9928 19.6431 24.5865 29.7051 33.4142 35.2022 35.1324 33.6866 31.2816 29.1023 27.664 26.7544 26.2875 27.0567 27.6038 28.1292 27.336 25.4557 23.0238 21.4041 21.4041 21.4041 21.4974 22.2234 22.625 21.9732 20.4181 18.4547 17.0013 19.3932 22.2208 24.9908 27.1289
-9999 -9999 -9999 12.22809 14.17583 15.50564 -9999 15.60907 14.55045 -9999 -9999 -9999 -9999 14.02926 14.62833 15.18137 15.21371 15.69499 16.24779 17.7729 18.9663 18.8547 16.9808 14.2511 12.7002 13.5798 14.164 14.164 13.4289 11.3653 10.5272 14.1061 16.5157 17.2352 17.2351 16.8059 17.1316 17.9281 19.7375 22.8819 27.3527 31.9582 35.4364 36.9989 36.6021 34.5922 31.5314 28.886 27.211 26.1807 26.6993 27.7853 28.1238 28.1587 26.7327 24.5256 21.9678 21.8243 21.8243 21.8243 22.0944 22.7131 22.9286 22.1828 20.3058 17.9191 16.3293 19.4345 22.9741 26.151 28.5496
-9999 -9999 -9999 -9999 -9999 -9999 -9999 -9999 -9999 -9999 -9999 -9999 -9999 -9999 -9999 13.20797 13.56671 14.75819 15.88949 17.9385 19.8083 20.61 19.7019 17.646 14.197 14.1538 15.282 15.7321 15.2598 12.9591 11.6607 16.4019 20.3945 22.482 22.8974 22.5681 22.2361 22.6402 24.1432 26.7502 30.4219 34.2942 37.3549 38.4797 37.5507 34.9257 31.3424 28.2056 26.2599 25.8244 27.2599 28.5747 28.9023 28.4015 26.2862 23.3738 20.5781 20.4598 20.4598 20.6467 21.2547 22.1892 22.8452 22.3861 20.418 18.1139 16.8366 20.8052 25.0175 28.2383 30.4557
-9999 -9999 -9999 -9999 -9999 -9999 -9999 -9999 -9999 -9999 -9999 -9999 -9999 -9999 -9999 -9999 12.68471 14.36309 15.88949 18.0798 20.3108 21.6853 21.7353 19.9713 16.4342 14.6193 16.574 17.5471 17.6277 15.6973 13.3706 18.7394 23.9606 27.2609 27.9688 27.725 27.1718 27.1204 27.9778 29.921 32.8343 35.9441 38.3163 39.1521 37.9088 34.8642 30.7682 27.1957 24.8909 25.7788 27.8485 29.7846 30.1953 28.821 25.5855 21.739 19.1694 18.9543 18.9543 19.0055 20.0838 21.3875 22.4748 22.0821 20.2384 18.2699 17.6775 22.1413 27.2076 30.6288 32.3831
-9999 -9999 -9999 -9999 -9999 -9999 -9999 -9999 -9999 -9999 -9999 -9999 -9999 -9999 -9999 -9999 13.41761 15.02009 16.58679 18.9512 21.2478 22.9979 23.7428 22.2415 18.8808 15.8483 18.0059 19.4486 19.7916 18.6837 16.1912 20.5562 26.3306 30.2922 31.503 31.3646 30.3193 29.6871 29.8378 31.1593 33.408 35.9749 37.9965 38.7074 37.4128 34.4323 30.1094 26.0632 23.5794 25.6099 28.4917 30.9437 31.0907 28.8393 24.6864 20.6494 18.2494 17.9055 17.9055 17.4368 18.9939 20.3377 21.5104 21.4418 20.3477 18.6016 18.6688 22.9462 28.0661 31.7438 33.2363
14.19365 13.09255 -9999 -9999 -9999 -9999 -9999 -9999 -9999 -9999 -9999 -9999 -9999 -9999 -9999 15.09354 16.29385 17.81039 19.10699 20.9255 22.9805 24.8997 26.0755 24.9575 21.6338 17.3452 19.5528 21.4443 22.015 21.7436 19.768 21.4956 27.6185 32.1857 33.7584 33.321 31.9878 30.9507 30.667 31.4847 33.1817 35.3322 37.041 37.521 36.39 33.5176 29.2108 24.7033 22.3081 25.1604 28.8404 31.6614 31.4972 28.4083 23.547 19.6431 17.2016 16.4291 16.4291 16.1615 17.995 19.5733 20.7373 21.0077 20.3579 18.9467 19.0709 22.6038 27.2477 30.7816 31.976
19.17263 18.21913 17.00294 -9999 -9999 -9999 -9999 -9999 -9999 -9999 -9999 -9999 -9999 -9999 14.97811 16.92999 19.08236 21.07756 22.26294 23.5324 25.1675 27.0195 28.4811 27.9877 25.1306 20.6658 21.2947 23.8067 24.8101 24.8101 23.4736 21.9684 28.0318 33.1057 35.0275 34.5574 33.0783 31.8245 31.3348 31.7102 32.9434 34.6094 35.9998 36.2848 35.2138 32.311 27.7829 23.0085 20.7038 24.3339 28.6063 31.4254 31.0271 27.6256 22.5932 18.7671 16.4934 15.6814 15.6595 16.1955 17.8566 19.1917 20.0445 20.2814 19.7603 18.6216 17.9391 20.4294 24.3962 27.7693 28.6682
21.16005 20.40547 19.47825 -9999 -9999 -9999 -9999 -9999 -9999 16.55212 -9999 -9999 -9999 13.61787 15.14867 17.78493 20.61629 23.02151 24.51725 25.8431 27.3993 29.3644 31.0798 31.0561 28.9204 24.9417 22.4856 25.5834 27.3909 27.3909 26.8385 24.3917 27.5096 33.0305 35.483 35.4788 34.1186 32.7609 32.132 32.052 32.7616 33.8963 34.9868 35.186 34.0855 31.2599 26.4531 21.7227 19.4425 23.8992 28.6684 31.0257 29.7209 25.9631 21.3263 17.9361 16.2916 15.8038 15.8191 17.1903 18.3181 18.8817 19.3139 19.4224 18.8116 17.6062 16.5474 17.599 20.6282 23.52 24.2725
20.08343 20.08343 20.07671 18.66538 -9999 -9999 -9999 -9999 16.62371 18.0113 18.3155 17.01135 15.08433 14.20781 15.31159 18.31473 21.6877 23.71667 25.1389 26.6278 28.2117 30.2317 32.4346 33.2317 32.1232 29.0373 24.2792 26.8395 29.071 29.071 29.071 27.0612 25.9318 32.1007 35.3288 35.9263 34.9833 33.7225 32.9871 32.4995 32.6752 33.2792 33.9887 34.0356 32.9422 30.0772 25.8008 21.4396 19.1258 24.0389 28.4373 29.9877 28.043 24.3341 20.2005 17.5375 16.4847 16.3444 17.2196 18.366 18.7054 18.723 18.7503 18.3232 17.5596 16.6059 15.9676 15.9782 17.5171 19.4501 20.1099
19.40196 20.31714 20.31714 18.96792 -9999 -9999 -9999 14.96347 17.3635 18.74897 18.69529 17.49548 15.7967 14.89901 15.62104 18.38971 21.95288 23.80997 24.5512 25.531 27.2259 29.4711 32.2448 34.0984 34.0488 32.0426 27.9682 27.4 30.0183 30.3858 30.3858 29.018 25.7552 30.737 35.0252 36.224 35.5677 34.3974 33.5526 32.831 32.596 32.5882 32.4644 31.9262 30.5272 27.5802 24.062 20.4376 18.4651 23.5062 27.2057 28.2572 26.3024 22.7706 18.9967 16.9237 16.2827 16.6801 17.804 18.8699 18.9105 18.3916 17.8813 17.1808 16.6385 16.159 15.8838 15.7108 16.0091 16.6393 16.6628
15.7709 17.81936 18.44532 17.14936 -9999 -9999 -9999 15.03063 17.40096 18.67981 18.51409 17.80778 16.26231 15.40088 15.64278 17.8472 21.38822 23.8421 24.56 24.9355 26.1098 28.2439 31.4239 34.2269 35.1184 34.0083 30.628 26.4153 29.3091 30.726 30.726 30.2432 27.5532 29.2531 34.3582 36.3181 36.0644 34.877 33.4778 32.317 31.6685 31.162 29.8138 28.5003 26.7556 24.3884 21.4574 18.3812 17.6389 21.931 24.6566 25.3336 23.3641 19.8519 16.6073 15.1438 14.8186 15.7082 17.1269 18.3503 18.3209 17.0815 16.7304 16.3439 16.1258 15.8983 15.8399 15.7068 15.5759 15.529 15.0686
11.08763 13.98459 15.92909 15.18541 -9999 -9999 11.94961 14.73462 16.97224 18.224 17.61074 17.20007 16.57349 16.12967 16.3921 18.4182 21.6651 24.4976 25.5808 25.8238 26.3561 27.8965 30.869 33.855 35.114 34.4704 31.6204 26.651 27.1392 29.5329 29.5609 29.5609 27.9063 27.5222 33.0999 35.9223 36.0258 34.585 32.3336 30.2646 28.6838 27.8184 25.9391 24.4982 22.9755 21.1187 17.6967 14.4113 15.6349 19.3403 21.6703 21.9114 19.4918 16.2017 13.9518 13.013 12.7902 13.4718 14.4729 15.1208 15.0589 14.2609 14.1243 14.4058 14.6575 14.669 14.669 14.518 14.3699 14.3031 13.8305
7.43913 10.88715 13.60821 13.66623 13.66623 13.43267 13.63421 15.60695 17.29128 17.95434 17.18752 16.69209 16.46891 16.706 17.2853 19.2721 22.3756 25.3749 27.0998 27.4417 27.5745 28.6997 31.2084 33.7048 34.9253 34.4243 31.9399 27.2358 24.1897 27.3584 28.604 28.604 28.2335 27.1805 31.696 35.1803 35.5163 33.519 30.1393 26.5736 24.0224 22.1616 19.4796 17.6579 16.1844 14.6807 11.8122 9.9669 13.5299 17.1952 19.022 18.5359 15.5246 12.4543 10.8857 10.363 9.6835 10.1275 11.0995 11.8289 11.7474 10.6977 10.9171 11.2548 11.4419 11.5526 11.5526 11.2827 11.2467 11.2467 11.1766
8.66982 9.99118 13.19452 14.72056 14.72056 14.93126 15.68806 17.01216 18.5192 18.83784 18.04165 17.44998 17.27367 17.7585 18.809 20.6319 23.5633 26.5241 28.3759 28.9296 29.0377 29.9011 31.7222 33.4632 34.0632 33.2273 30.7622 26.606 21.9144 24.4857 26.8144 26.8144 26.8144 26.8128 30.3105 34.2633 34.7536 31.8066 27.4119 23.6085 20.4221 17.587 13.9076 11.4426 9.7018 8.6926 8.6456 9.4257 11.7015 15.2389 16.7554 15.6793 12.3171 9.4855 9.1711 10.1115 10.0627 9.8041 9.5628 8.9018 8.4674 6.9435 6.7998 6.9728 7.1035 7.23 7.3144 7.0445 7.0353 7.0353 7.0353
12.04877 12.81681 13.67245 15.94347 16.38975 16.57835 17.10505 18.13935 19.51925 20.46389 19.99374 19.33259 19.00348 19.6228 20.1369 21.1966 23.5485 26.1652 27.9796 28.7759 29.1398 29.7398 30.8209 31.7865 31.8211 30.8344 28.2694 24.3242 20.3678 20.9385 23.9612 24.6404 25.2848 26.6817 28.977 32.0787 32.3393 28.6768 24.7163 20.9944 17.4649 14.0332 11.4355 11.9278 12.1393 12.3188 11.5645 11.298 11.8309 14.096 15.0964 13.4108 11.6741 11.932 12.9523 13.9366 13.616 13.1823 12.9144 12.2534 11.1427 9.1393 8.7204 8.6501 8.2558 7.4671 6.3779 5.3935 4.6297 3.6754 3.6754
14.85308 15.63714 13.92199 14.56736 15.28999 15.64949 16.47399 17.98629 19.51859 21.04854 20.67551 20.2151 20.07756 20.378 20.7059 20.7859 21.5461 22.9942 24.5606 25.7433 26.5434 27.3858 28.2639 28.916 28.9458 28.0908 25.649 21.7997 18.1675 16.9496 21.7872 24.2113 25.5247 26.7374 27.6704 28.577 27.6833 25.1445 22.0341 18.743 15.2553 14.3337 15.0973 15.5562 15.6809 15.6809 14.5875 13.8003 13.8192 14.3554 14.2055 14.5506 14.6131 15.2555 16.2822 17.3137 16.9305 16.4226 16.2452 15.6202 14.5095 12.5061 12.0872 12.0872 11.7933 11.1709 10.4094 9.3478 8.2143 6.9967 5.8168
16.46913 16.33837 14.30406 10.6357 11.02937 11.38177 12.30627 14.07757 15.97227 17.87786 18.1275 18.05806 18.7775 19.7451 20.2273 19.8943 19.7071 20.0165 20.9078 21.7653 22.625 23.6386 24.6012 25.321 25.5683 25.0253 23.022 21.1376 19.3442 18.2824 17.5307 21.1825 23.8808 25.4774 25.4774 25.4774 24.6078 21.4452 18.8493 16.1654 14.5142 15.6892 16.2947 16.7364 16.82 16.82 16.1788 15.4945 14.8458 14.7016 15.1642 16.2512 17.1541 17.8236 19.0335 20.1635 19.8289 19.0688 18.3182 16.9988 15.4263 14.3724 15.6656 15.6656 15.3714 14.6145 13.8664 12.785 11.7267 10.6517 9.5769
17.44967 16.52797 14.52933 11.15418 7.54805 6.85247 7.5593 9.3306 11.2253 13.3904 14.3102 14.8894 16.1329 17.6698 18.5168 18.3003 17.8589 17.6404 18.038 18.1788 18.7991 20.0363 21.5967 23.5493 25.2038 26.2057 25.827 24.1524 22.4742 21.4171 20.409 19.0423 19.4793 21.9975 21.9975 21.9975 21.5001 19.486 14.4875 14.0574 14.904 15.5882 16.4368 17.1487 17.1418 16.8976 16.2959 15.815 15.4357 15.048 15.6812 17.0164 18.6181 19.5727 20.9893 22.0373 21.0065 19.4704 17.9851 16.4137 14.6123 14.5759 16.1302 16.6265 16.6424 16.3388 16.267 15.8962 15.1398 14.0069 12.987
18.70994 17.83407 15.89286 12.92345 9.9458 7.86417 7.4774 8.9306 10.8253 13.1836 14.2382 14.4888 14.7801 15.8274 16.6166 17.8956 19.405 20.5891 21.0784 21.1777 21.8523 23.2292 24.8209 26.6319 28.1558 28.8961 28.726 27.3849 25.5253 24.082 22.7072 21.0567 19.7621 17.1592 16.1553 15.975 15.3306 14.4086 14.6206 15.0642 15.8238 16.4493 17.4121 18.0391 17.7229 17.022 16.1473 15.655 15.4435 15.264 15.6577 17.0314 19.0084 20.222 21.4646 21.5271 20.3272 18.5554 16.8994 15.4081 13.8785 13.9722 15.0614 15.7759 16.4953 17.188 17.7537 17.5222 16.9928 16.1804 15.3524
20.22466 19.93429 18.58617 16.22999 13.64279 11.98084 11.80922 13.22571 15.09464 17.38801 18.41213 18.59261 18.819 19.8257 20.4766 21.5593 23.0367 24.2002 24.6656 24.7336 25.2605 26.176 27.367 28.5799 29.4732 29.8892 29.8459 29.2269 28.1416 26.3125 24.5941 22.7397 21.4151 18.9266 14.2533 10.5437 14.105 17.6108 18.0601 16.8933 17.3411 17.8838 17.6896 17.6143 17.2782 16.6833 15.9197 15.4608 15.3704 15.3704 15.7187 17.1107 18.7824 20.2654 21.2074 20.8117 19.3944 17.4809 16.0691 14.7757 13.4457 13.1501 13.9116 14.7033 15.8276 16.756 17.2969 17.346 17.4662 17.3215 16.4187
22.24723 22.99979 22.24201 20.39732 18.12453 16.4279 15.91063 16.95615 18.45606 20.51732 21.558 21.9812 22.16503 22.87512 23.4668 24.5151 25.6921 26.6444 27.142 27.277 27.3265 27.5305 28.1063 28.864 29.2297 29.2728 29.1994 28.9873 28.6702 27.8457 26.1866 24.3075 23.0492 20.7241 16.1606 12.7629 16.7895 20.5975 21.2137 20.245 19.7177 18.9409 17.9209 17.1485 16.6302 16.0888 15.4833 15.2365 15.2365 15.2365 15.6487 17.063 18.8618 20.2375 20.8024 20.1558 18.7084 17.2706 15.9669 14.7882 13.5293 12.6885 13.4366 14.2481 15.2972 16.1515 16.6101 16.9467 16.9019 16.6684 15.9384
23.21628 24.75305 24.22339 22.46594 20.11766 -9999 -9999 -9999 -9999 20.5836 22.30284 23.12123 23.42285 24.10287 24.66673 25.6319 26.7652 27.9631 28.6073 28.5025 28.2759 28.1787 28.2198 28.2275 27.9144 27.5096 27.3129 27.2484 27.2235 26.9937 26.3636 25.3276 24.1575 21.8819 17.5539 15.0578 18.9594 22.8911 23.8874 22.6757 20.8225 18.9819 17.7264 17.1031 16.6247 16.0151 15.1665 14.7072 14.72 15.0172 15.5907 16.7429 18.6423 20.1848 21.0781 20.6792 19.5426 18.0234 16.7311 15.4221 14.2685 13.2891 13.527 14.2595 15.1649 16.0314 16.2021 16.26 15.898 15.6153 15.4303
21.61162 23.4307 22.83238 21.00221 18.93837 -9999 -9999 -9999 -9999 18.42089 20.36725 21.73455 21.94802 22.58348 23.26849 24.41538 25.6475 27.0007 28.1901 28.3887 28.2724 28.0352 27.6657 27.1949 26.5367 26.005 25.7254 25.6069 25.554 25.4209 25.0738 24.4297 23.3041 20.4595 16.7191 14.8396 18.7411 22.5878 24.0912 22.7735 20.4724 18.4037 16.8803 16.3835 16.0884 15.5926 14.671 13.8913 14.2671 15.0313 15.869 16.9298 18.5103 20.1723 21.3051 21.539 20.6393 19.0526 17.5218 15.973 14.4272 13.0901 12.5001 13.4495 14.4407 15.3093 15.4586 15.4593 15.1711 14.8591 15.076
17.91463 19.53664 19.23207 17.7746 15.97236 -9999 -9999 -9999 -9999 -9999 16.50725 18.07085 18.31632 18.97238 19.68129 20.85948 22.1802 23.6403 25.3397 26.5566 27.5959 27.8141 27.4498 26.8338 26.034 25.3876 24.9201 24.5254 24.1631 23.7493 23.1724 22.2823 20.973 18.3005 15.5439 13.7116 17.0466 21.0464 22.8151 21.8747 19.7332 17.7593 16.2351 15.4695 14.997 14.591 14.0664 13.6006 14.109 15.2195 16.5019 17.6921 19.0069 20.5782 21.785 21.9883 21.622 19.9684 18.0442 16.2538 14.3305 12.7506 11.4159 12.3965 13.3201 14.1714 14.744 14.9236 14.712 14.5044 14.8168
-9999 -9999 -9999 14.04416 -9999 -9999 -9999 -9999 -9999 11.45355 12.53125 14.10665 14.34932 14.91058 15.65029 16.82308 18.3928 20.2558 22.3593 23.8532 25.1224 26.3135 27.0503 27.3426 26.8923 26.0739 25.1083 24.2038 23.3429 22.5154 21.7825 20.9159 19.6208 17.2895 15.5079 14.5115 15.6114 19.6041 21.7752 21.2586 19.5041 17.5462 15.8708 14.8985 14.1468 13.7227 13.5047 13.578 14.2319 15.3436 16.7861 18.2524 19.5434 20.7789 21.9282 21.9036 21.2203 19.9702 18.1466 16.2911 14.1593 12.1867 10.4972 10.9948 12.0609 13.0374 13.9178 14.271 14.1185 14.132 14.0238
