inter_relief.asc
ncols         469
nrows         365
xllcorner     198538.8800233
yllcorner     438669.69527598
cellsize      10
NODATA_value  -9999
[rows 217 to 247 of 365, columns 71 to 141 of 469]
13.95888 -9999 -9999 8.0031 6.42849 -9999 -9999 -9999 6.14541 5.93947 6.85605 8.48683 11.3163 13.30008 14.10672 14.39158 14.94663 15.51987 16.47752 17.6482 18.90537 20.26468 21.1892 21.1897 21.3826 22.0724 22.8478 23.3235 23.6833 24.2834 25.1018 26.041 26.7614 27.0356 26.7145 25.5797 23.3126 21.0819 19.1085 16.2029 14.1602 12.0725 10.6745 14.2794 17.3859 21.9196 23.7207 22.8164 21.291 20.0793 19.1948 19.2106 19.8165 20.632 21.7276 21.77 21.2514 20.5638 20.0684 19.1099 17.3608 16.1275 16.3674 16.7191 16.17613 -9999 -9999 -9999 -9999 11.51154 8.6843
16.16628 13.82348 12.00303 10.18999 8.76522 8.0979 7.88658 7.50689 6.6345 5.57251 6.53062 8.48683 11.3163 13.30008 14.10672 14.85291 15.17923 15.72279 16.86136 18.42879 19.23021 20.0573 20.7489 20.6762 20.5842 21.1725 22.0788 22.6083 22.4284 22.426 23.058 23.8792 24.4137 24.5929 24.1254 22.684 19.9553 17.1661 14.7799 11.7945 10.0061 8.6207 13.1565 16.8546 19.8111 24.3866 26.5117 25.2508 22.7731 20.8711 19.8557 19.9504 20.7702 22.0867 23.5845 23.7557 23.0383 21.9686 20.807 19.4292 18.096 17.4502 17.7012 17.97204 17.5566 -9999 -9999 -9999 -9999 12.31536 9.43026
17.10291 15.81709 14.58284 12.88074 11.90089 11.61555 11.61555 11.5319 10.78286 9.32519 7.71049 8.48683 11.3163 13.30008 14.10672 14.85291 15.53771 15.40556 16.12226 17.77694 18.21179 18.6188 19.1331 18.9724 18.9422 19.6524 20.4786 20.903 20.6222 20.4612 20.8989 21.5937 22.128 22.3257 21.8113 20.2126 17.2464 14.1815 11.4144 9.1384 7.5251 10.7389 15.6515 19.3411 22.1337 26.3883 28.3523 27.1049 24.2565 21.8577 20.5937 20.6618 21.7196 23.1229 24.5242 25.0616 24.7572 23.9399 22.748 21.362 20.137 19.4656 19.445 19.43147 18.80568 -9999 -9999 -9999 -9999 13.15335 10.34655
17.14222 16.66085 15.83086 15.03313 15.03313 15.03313 15.03313 15.03313 14.64869 13.69429 12.1545 10.34042 11.3163 13.30008 14.10672 14.85291 15.53771 15.40556 15.3559 16.16685 16.537 16.6394 17.0147 16.9562 16.9816 17.7929 18.7445 19.0615 18.6095 18.4722 18.9936 19.8223 20.5941 20.9708 20.5202 19.0178 16.7862 14.8623 13.6898 11.7183 10.1478 13.6065 18.377 21.9716 24.6825 28.1019 29.367 28.0212 25.4667 22.9566 21.3962 21.2548 22.2607 23.7977 25.1243 25.9258 26.166 25.7753 24.8727 23.7144 22.4334 21.6204 21.14488 20.88412 19.91486 18.0693 -9999 -9999 15.13161 13.34253 10.73777
15.78221 15.88372 16.14946 16.60292 16.68128 16.68128 16.68128 16.68128 16.42256 15.6296 14.65573 13.55561 12.14991 13.22168 14.10672 14.85291 15.53771 15.40556 15.88985 15.99037 15.3885 14.9868 15.1922 15.1372 15.3617 16.1411 17.1141 17.6216 17.1712 16.8175 17.237 18.6089 20.0182 20.8922 21.0637 20.3406 18.6748 17.2955 16.3591 14.495 13.0262 16.641 21.19 24.5844 27.0724 29.0286 29.4777 28.2615 26.1779 23.8853 22.2936 21.8898 22.4237 23.8632 25.3311 26.5497 27.4706 27.3964 26.6984 25.7799 24.7594 23.7446 22.59747 21.63007 20.30357 18.24861 -9999 -9999 14.66755 13.15 10.57958
13.27784 13.62175 14.17281 14.79613 15.07942 15.34854 15.56642 15.75758 15.78099 15.46684 15.17466 14.81597 14.32094 13.22568 13.68806 14.85291 15.53771 15.40556 16.65056 17.55561 16.9135 16.1098 15.8358 15.677 15.7839 16.434 17.4164 18.0696 18.0267 18.3107 19.258 20.51 21.6216 22.2613 22.3591 21.4661 19.8904 18.3854 17.3874 15.2906 14.543 18.1558 22.5662 26.4466 28.76 29.6084 29.1098 27.6794 25.9787 24.2515 22.7121 22.1907 22.4654 23.3946 24.9395 26.5221 27.7778 28.2509 27.8952 27.0227 26.0862 24.74621 23.05326 21.30403 19.63394 17.62197 -9999 -9999 14.10184 12.8347 9.9526
9.40109 9.43866 9.87426 10.83976 11.81942 12.69574 13.30065 13.98999 14.72845 14.72845 14.70574 14.41419 13.88669 13.01897 12.19617 14.41561 15.53771 15.40556 17.05122 18.5027 18.00863 17.3501 17.3412 17.1745 17.2507 18.2128 19.4423 20.1316 20.2895 20.7523 21.8362 23.0651 23.9626 24.257 23.8525 22.4416 20.779 19.3981 17.8679 15.209 13.829 18.0247 22.609 26.8151 29.1384 29.4647 28.4988 27.055 25.5109 24.0933 22.8257 21.9215 21.974 22.2558 23.5797 25.0623 26.2927 27.3411 27.263 26.8817 25.83091 24.19717 22.38386 20.5069 18.3522 16.01205 -9999 -9999 13.80873 12.55168 9.65773
5.52128 5.4931 6.09566 7.42053 8.57669 9.64055 10.51503 11.3825 12.47347 12.92281 12.92281 12.56296 11.79792 10.82848 9.58446 12.67739 14.28003 14.97682 16.78862 18.47409 18.39277 18.3958 18.7427 18.6556 18.9756 20.044 21.4748 22.292 22.6586 23.4936 24.9123 25.9508 26.364 26.1924 25.3564 24.0586 22.5291 20.6138 18.3245 15.0001 11.9041 16.4426 21.2988 25.7726 28.1525 28.3939 27.2994 26.0052 24.7921 23.4123 22.081 21.0966 20.4911 20.4408 21.076 22.2669 23.3082 24.3908 24.7549 24.57625 23.98838 22.40786 20.76698 18.90898 16.69675 -9999 -9999 -9999 12.82818 11.97586 9.78359
4.32226 4.44655 5.28917 6.59477 7.9973 8.43182 9.17072 9.84106 10.55312 11.17009 11.54202 11.24859 10.1891 9.01847 7.97533 8.81302 11.83222 13.74311 15.97182 17.56289 17.54797 18.1326 18.889 19.2196 19.8796 20.8999 22.6661 23.845 24.9479 26.2611 27.7388 28.5393 28.4477 27.8969 27.0978 25.67 23.8774 21.7406 18.8028 14.5876 10.5933 14.5239 19.3842 23.7512 26.0475 26.5815 25.5495 24.2818 23.3858 22.3719 21.149 19.997 18.8485 18.3732 18.3964 19.1735 19.9135 20.74 21.1176 20.83059 20.53057 19.52029 18.16151 16.71603 14.51485 -9999 -9999 -9999 -9999 -9999 -9999
8.75531 6.60177 7.03637 8.15097 9.87427 10.66574 10.19028 10.52968 11.02471 11.3888 11.98893 12.46694 11.35666 9.95466 8.99736 8.39856 9.12146 12.29378 14.84962 16.40059 16.49957 17.0027 17.4717 17.8148 18.8982 20.078 21.9111 23.956 25.428 27.1968 28.4304 29.1875 29.0389 28.5656 27.8059 26.4212 24.5605 22.1591 18.8077 14.056 9.7731 12.8595 17.407 21.1913 23.0597 23.5876 22.5717 21.3831 20.7186 19.9753 19.1048 18.3528 17.25 16.3962 16.1523 16.5344 16.8488 17.2732 17.3634 17.03839 16.84348 16.05219 14.89384 13.7625 -9999 -9999 -9999 -9999 -9999 -9999 -9999
12.37771 9.61642 9.92792 11.34222 13.77062 15.57197 15.752 14.80222 14.71702 15.32096 16.11658 16.61281 15.52534 13.62274 12.45314 11.87024 11.62144 13.12127 13.95082 14.90309 15.03277 15.2239 15.4458 15.7528 16.6354 17.6364 19.3083 21.2429 22.6823 24.3817 25.7147 26.5657 26.4309 26.2601 26.0409 25.0852 23.9332 22.3605 19.0787 14.2909 9.6752 12.5929 16.5271 19.8183 21.1083 21.0533 19.8635 18.8241 18.4243 17.9454 17.2208 16.4907 15.3952 14.3461 13.775 13.977 14.0656 14.4233 14.4539 14.44569 14.40488 13.29499 12.21454 -9999 -9999 -9999 -9999 -9999 -9999 -9999 -9999
13.78131 10.90704 11.1853 13.6582 17.1337 20.23039 21.25093 19.92606 19.07068 20.04012 21.14702 21.49005 20.26732 18.28814 16.84644 16.18114 16.13504 17.29944 18.37749 18.43599 16.68627 15.4106 14.0049 12.996 13.728 14.576 15.8988 17.8021 19.3075 20.8763 21.8475 22.3688 22.0581 22.1896 22.6557 22.3655 22.0193 21.0223 18.1699 13.6483 9.1509 11.8375 15.6183 18.9815 20.1046 19.7068 18.2451 16.9493 16.4376 16.1486 15.9027 15.6601 14.9581 13.9401 12.7032 11.8267 12.1552 12.5844 12.9609 13.10249 13.37418 12.21649 10.87664 -9999 -9999 -9999 -9999 -9999 -9999 -9999 -9999
14.11371 11.76122 11.48627 14.11976 18.75159 22.95345 24.46443 23.15883 22.10819 23.27882 24.32196 25.02798 23.90252 21.96043 20.37293 19.61613 20.12103 21.32633 22.64474 22.85139 21.4269 20.1876 18.6722 16.981 16.2534 15.9935 16.3758 17.2032 17.316 17.7203 17.7724 18.03 17.8658 18.3667 19.436 20.0366 20.2964 19.4878 16.6217 12.1001 7.6712 10.5216 14.1922 17.5921 19.1633 18.8841 17.4183 16.0024 15.4938 15.8158 16.2649 16.3543 16.0197 15.026 14.0042 13.3124 12.4944 12.192 12.4292 12.5401 12.86422 11.87924 10.903 -9999 -9999 -9999 -9999 -9999 -9999 -9999 -9999
14.11371 11.15704 9.9024 12.80302 18.1488 23.1832 25.5114 24.7476 23.3935 24.7955 25.7528 26.3516 25.45071 23.74373 22.40174 21.52774 22.37154 23.68844 24.93714 25.46352 24.8592 23.9363 23.0061 21.8942 21.3941 21.3048 21.8801 22.7534 22.6392 22.6594 22.2044 21.8138 20.6603 19.7014 18.8072 18.0811 18.6295 18.0743 15.2499 10.7283 6.8165 9.9947 13.701 17.2277 18.6193 18.0614 16.9084 15.753 15.4286 15.7675 16.2649 16.3543 16.0197 15.026 14.2623 13.9788 13.2138 13.108 13.2513 12.42142 12.3958 11.81809 11.2525 -9999 -9999 -9999 -9999 -9999 -9999 -9999 -9999
14.10111 10.69183 9.5574 12.3479 18.0979 23.6177 26.3233 25.6008 23.1724 24.6837 25.8533 26.4362 25.8987 24.4742 23.1355 22.0406 22.4268 23.913 25.4142 26.3628 26.2623 25.6231 25.1056 24.5611 24.759 25.2896 26.4029 27.6034 27.3637 27.1401 25.9028 24.4695 22.6814 21.302 19.4937 17.61 17.4355 17.298 14.3979 9.8763 7.5275 10.6325 14.5517 18.06 19.3255 19.0108 18.2121 16.5069 14.888 14.6442 15.3312 15.8326 15.8251 15.026 14.2623 13.9788 13.2487 13.4398 13.67 12.89152 12.508 11.70179 11.2525 -9999 -9999 -9999 -9999 -9999 -9999 -9999 -9999
13.4605 10.89632 10.9133 15.1908 20.83 26.4188 28.9885 27.4516 23.9761 23.9645 25.4062 26.0715 25.7543 24.3673 22.6514 21.2463 20.7169 22.5685 24.5301 25.7689 25.8868 25.3251 24.7506 24.6841 25.2932 26.144 27.5671 28.708 28.473 27.1456 25.2054 22.9038 20.817 19.6109 17.9454 16.2709 15.8677 16.0729 13.74 10.136 9.0796 11.7525 15.526 19.1487 20.6987 21.4407 21.2617 19.7697 18.2014 16.8049 15.8492 14.6728 14.9387 14.4642 13.9427 13.9285 13.2487 13.4398 14.0722 13.75852 13.5155 12.70029 12.4381 12.05617 -9999 -9999 13.04121 12.85582 -9999 -9999 -9999
13.57055 12.11642 13.7789 19.1263 24.9725 29.683 31.9778 29.9477 25.1741 22.8587 24.4462 25.203 24.9419 23.3499 21.4155 19.6931 18.3195 20.9124 23.4928 24.8783 24.8955 24.068 23.3078 23.2831 23.735 24.1842 25.5293 26.229 25.9176 23.7853 21.5993 19.0397 16.498 15.5947 14.2352 12.9605 13.0897 13.4365 13.6577 12.39 10.1938 12.1444 15.9151 19.7772 21.7673 22.9381 23.2827 22.2564 20.9859 19.8086 18.681 16.8182 15.0995 13.3878 13.1692 13.6396 13.2487 13.4398 14.1482 14.89862 14.6093 14.05119 14.37 14.82697 15.47537 15.90077 16.62712 16.27463 -9999 -9999 -9999
13.9003 13.93631 17.3595 23.0727 28.6745 32.9314 34.3802 31.2568 25.4622 20.7982 22.4318 23.3058 23.0665 21.2507 19.3108 17.2762 15.5864 18.9668 22.36 23.9508 23.3971 22.0802 20.8842 20.2319 20.0462 20.0893 20.7608 21.2817 20.7769 18.474 16.095 13.4895 11.1748 10.6556 9.8032 10.6325 13.3738 15.4129 15.0451 13.2276 10.7495 11.4022 15.4018 19.6374 22.4429 23.6786 23.88 23.2883 22.5525 21.7063 20.7992 19.3094 17.8522 15.7034 13.448 13.3425 13.1552 13.4398 14.1482 14.89862 14.6093 14.05119 15.067 16.20717 17.70807 18.70687 19.1712 18.80044 -9999 -9999 -9999
14.8301 16.49662 21.1128 26.7925 31.7186 34.4319 34.333 30.169 23.5726 17.99 18.7485 19.8434 19.7095 17.8368 15.7875 13.7981 12.1548 15.9803 19.95 21.8462 20.7492 19.263 17.7618 16.7388 15.7401 15.4878 16.2946 16.6296 15.9115 13.3011 10.6269 8.3523 9.1908 11.1157 12.3583 13.8949 15.8827 16.9259 16.0482 13.9134 11.0591 11.1368 15.3644 19.5886 22.5668 23.6616 23.3581 22.515 22.0535 21.96 21.2521 20.3983 19.5662 18.2867 16.4474 15.3188 14.1552 13.0751 13.6799 14.17258 13.514 12.74169 13.89257 15.35556 17.34812 19.57839 20.6151 20.64809 -9999 -9999 -9999
16.17353 19.51577 24.8317 29.9693 33.1916 33.5784 31.6744 26.6157 19.5101 13.6664 13.6718 15.0769 15.391 14.0268 12.257 10.2676 8.8366 12.7356 16.5746 18.2891 16.8983 15.0467 13.0851 11.7792 10.7807 10.798 11.942 12.3032 12.0124 12.0124 12.3452 12.8036 13.0994 14.3829 15.099 16.0909 17.8237 18.6751 17.656 14.9383 11.85 12.4861 16.5683 20.2373 22.5542 23.5199 22.9636 21.6513 20.9343 20.7828 20.6878 20.3643 20.1853 19.8848 19.0418 18.5466 17.8942 16.3992 13.8668 12.0007 10.70313 9.86548 11.03268 13.29053 16.10709 19.24726 20.6151 21.28951 19.83518 -9999 -9999
17.80644 22.8188 28.327 32.3859 33.3088 31.5143 28.4341 22.6802 15.3676 9.5147 10.0656 11.0555 11.9003 10.9579 9.4769 7.4875 6.0565 9.9555 13.7945 15.5352 13.7211 11.1282 8.5478 9.3106 10.5445 11.7498 13.9255 15.8959 17.2636 17.3065 17.4696 17.5897 17.5897 17.1393 16.3732 17.6409 19.7108 20.5612 19.472 16.3268 12.852 14.6801 18.7472 22.37 24.3767 24.5465 23.4186 21.3937 19.9955 19.5791 19.4513 19.2339 19.3994 20.0407 19.9015 20.01917 20.08029 19.10942 17.44452 15.43902 12.33892 9.46822 7.9513 10.85107 14.64733 18.69735 20.6151 21.28951 20.12226 -9999 -9999
19.79616 26.0049 31.3507 34.0337 32.6521 29.0558 24.8535 18.7338 12.5559 14.2844 15.1465 15.5021 14.853 12.5689 10.4362 8.4468 7.0158 10.8997 14.3085 14.7722 11.6813 7.8681 10.4341 13.5092 15.344 16.8378 18.8462 19.856 20.3204 20.3204 20.3204 20.2726 20.2484 19.7895 18.8973 19.4921 21.2969 21.9369 20.6715 17.6514 14.0529 16.7329 21.0231 25.003 27.1378 26.7316 24.7219 22.0011 19.3605 18.2097 17.9734 17.2576 16.8625 17.4814 18.04689 18.84508 19.60703 19.87143 19.37489 18.01649 15.41799 13.08849 11.76259 10.96359 12.92732 17.63043 20.33073 21.28951 20.12226 -9999 -9999
22.7246 29.2932 33.9763 35.178 31.4323 26.1012 21.1002 15.014 17.5923 19.699 20.5941 20.826 20.0501 17.766 15.6333 13.6439 12.1453 15.675 18.3933 17.9416 14.013 9.6945 13.3143 17.1576 19.5056 20.0553 19.9934 20.3985 20.487 20.487 20.487 20.4371 20.3618 19.9819 19.2338 20.5981 22.2831 22.7383 21.5526 18.5974 14.8419 18.3393 22.8787 27.0272 29.2842 28.7127 26.2227 23.0606 19.6803 17.201 16.7926 16.1681 15.3238 15.0183 15.02379 15.7134 16.75622 18.45655 18.93408 18.36331 16.59831 15.12471 15.02641 15.02641 14.56765 16.34071 19.54038 21.04289 20.12226 17.48465 -9999
25.6305 31.8342 35.4439 35.3516 30.569 24.3302 16.8907 15.4238 20.0304 22.9053 24.1657 24.5203 23.4606 21.299 19.5925 17.9904 17.2456 20.507 22.6438 20.8685 16.2082 11.2965 14.7058 19.138 21.6077 22.2062 21.349 19.6429 18.7253 18.7253 18.7253 18.7112 18.612 18.3296 18.8181 20.9224 22.6299 23.07 21.4122 18.2424 14.8913 18.3723 22.7109 26.7279 29.0132 28.9629 26.8133 23.9288 20.3334 17.169 15.8034 15.5241 14.5817 13.6122 12.53849 13.1212 14.13079 14.63844 16.21855 16.91863 16.53789 16.56959 16.56959 16.56959 16.56959 15.50616 18.09564 20.44377 19.96407 17.91993 -9999
28.4797 33.4828 34.9351 33.4072 27.7171 20.5307 13.0812 17.0541 20.6872 23.5061 24.9965 24.83 23.1887 21.3878 20.2116 19.4155 21.1567 24.1746 25.5368 22.702 17.5814 12.2634 14.434 19.3782 22.2834 22.3592 20.8179 18.4813 16.9917 16.4064 16.3817 16.3817 16.3227 16.8216 18.4036 20.8054 22.7435 22.9673 21.3561 18.2742 15.3224 17.8474 21.917 25.2854 26.7497 26.6945 25.0032 23.2848 20.4275 17.6854 15.3161 14.5424 14.0445 13.0862 12.33179 13.1212 14.13079 14.47734 13.82451 14.28205 15.44527 16.12519 16.12519 16.12519 16.12519 16.12519 17.80257 20.15295 20.45737 18.84459 -9999
31.0164 34.1673 33.3727 31.1146 24.3436 16.578 13.657 18.464 21.9023 24.0888 24.2272 23.0637 20.6646 18.9361 18.074 19.7403 22.8312 25.6385 26.1985 23.0332 17.8713 12.6649 13.5928 18.8703 22.3624 22.7748 20.6625 17.8661 15.778 14.9042 14.8139 14.9935 15.6668 17.0345 18.8908 20.9591 22.5178 22.8906 21.2445 18.2757 15.4631 16.1785 19.7121 22.7074 23.6772 23.2079 21.2935 19.4261 16.7719 14.7453 13.3998 12.0601 12.7254 12.8702 12.33179 13.1212 14.13079 14.47734 13.82451 13.71086 12.93855 14.88997 15.80541 15.80541 15.80541 16.16826 18.12712 20.85693 21.73751 20.41249 17.74081
32.9709 33.8844 31.3139 27.9859 20.4541 12.5804 15.7656 19.6711 22.5309 24.0048 23.0494 20.7611 17.5809 15.4742 15.9048 18.5236 22.4522 25.5842 26.2208 23.2582 18.2404 13.3227 13.5486 19.0068 22.8634 23.1503 20.7158 17.4558 14.9774 13.8381 13.828 14.2658 15.4351 17.2328 19.1753 21.0979 22.434 22.4357 20.5916 17.5614 14.5504 13.7208 17.2544 20.1174 20.7934 19.8835 17.7199 15.6839 12.8869 10.8318 9.6868 9.9581 10.7246 11.4568 11.7631 13.1212 14.13079 14.47734 13.82451 13.71086 12.99006 12.57148 13.28936 14.11192 14.95629 16.50219 18.45277 20.82121 22.15083 21.20199 18.74021
33.6004 32.5491 28.8279 24.4121 16.532 15.599 18.6107 21.4393 23.4081 23.4043 21.6137 18.516 14.8568 11.9819 12.8252 16.2945 20.9548 25.1452 26.8115 24.4234 19.526 14.7702 14.9094 20.1093 24.1084 24.2569 21.5666 17.9928 15.1696 13.6366 13.5519 14.1653 15.5461 17.5224 19.6505 20.9549 21.0102 20.2306 18.1134 14.9205 11.9478 10.0281 13.5617 16.5492 17.5349 17.3461 18.1579 18.5754 17.4381 15.9702 14.4539 14.2701 13.3652 12.0358 12.66838 13.17678 14.13079 14.47734 13.82451 13.71086 12.99006 12.57148 10.2187 11.22559 13.37999 15.41453 17.27562 19.16632 20.42066 20.28692 18.2745
32.3061 30.3512 25.6307 19.4651 13.7467 17.6054 20.7288 23.1159 23.5943 22.3254 20.3892 17.372 13.8097 10.0335 10.5624 14.5976 19.7182 24.7673 26.971 25.4764 20.7614 16.1914 16.5872 21.4568 25.5331 25.6601 23.1823 19.6291 16.1888 14.1364 13.7753 14.5187 16.0554 18.3447 20.0069 19.8594 18.9268 17.5977 15.246 11.7792 9.5552 7.2183 10.7519 14.3679 17.9039 21.228 22.6457 23.5351 22.4409 20.7079 18.4645 18.3504 17.1694 15.09136 13.07006 14.22047 14.2331 13.93281 13.82451 13.71086 12.99006 12.57148 10.2187 9.11884 10.35713 13.45378 15.36211 16.79767 17.89229 17.88909 16.42765
30.0459 26.8946 21.4608 14.0175 14.5728 18.8194 22.1508 24.1996 23.6021 21.7482 20.1223 17.8003 14.619 10.4872 10.258 14.5148 19.6767 24.8105 27.1027 25.9981 21.5186 17.141 17.9623 22.291 26.3172 26.8621 24.4864 20.6 16.4269 13.4593 12.5819 13.8133 15.8531 17.9784 18.9404 18.1691 16.7873 15.3201 13.6198 13.2332 12.203 10.4436 13.9772 17.184 20.3217 23.2239 24.8012 25.8769 24.8517 23.0679 20.2384 20.7083 19.6305 17.45105 15.01279 15.17071 14.82062 13.53173 12.67029 13.50605 12.99006 12.57148 10.2187 9.59467 10.45882 11.48796 12.9211 14.34879 15.26275 -9999 -9999
26.4338 22.2774 16.2088 9.7582 14.8029 19.6076 23.5311 24.4408 23.4299 21.5062 20.2932 18.6455 15.8168 11.7817 10.3429 14.5854 19.6032 24.5209 26.9488 26.1379 22.1531 18.1308 19.5038 23.2093 26.7533 27.4083 24.8879 20.5281 15.6725 12.3379 10.8004 12.3683 14.7877 16.912 17.5029 16.4916 15.2423 13.8391 14.4808 14.6516 13.682 11.3897 13.6262 16.1898 18.6977 20.8694 21.2025 21.7181 21.6954 21.8035 20.958 21.766 20.77182 19.06124 17.40716 16.74455 15.54215 13.99194 12.53034 12.29853 12.46283 12.57148 10.94299 10.99785 11.42448 12.11486 12.2414 13.09876 13.20032 -9999 -9999
