inter_relief.asc
ncols         469
nrows         365
xllcorner     198538.8800233
yllcorner     438669.69527598
cellsize      10
NODATA_value  -9999
[rows 124 to 154 of 365, columns 71 to 141 of 469]
14.91088 9.98395 5.76999 7.5468 9.22093 10.91927 13.08596 14.77782 16.02682 16.89379 17.72808 19.01331 19.58502 18.97162 16.56544 12.94395 -9999 -9999 -9999 -9999 -9999 -9999 -9999 -9999 -9999 -9999 -9999 -9999 -9999 -9999 12.07468 -9999 -9999 -9999 -9999 -9999 -9999 -9999 -9999 -9999 -9999 -9999 -9999 -9999 -9999 -9999 -9999 -9999 -9999 -9999 15.95468 15.59537 14.61085 12.67749 10.5617 8.57306 6.4973 5.28692 5.44721 -9999 -9999 -9999 -9999 -9999 -9999 -9999 -9999 13.14742 14.9116 17.07933 19.77859
16.93169 13.14481 8.87326 8.90306 10.65355 12.43539 14.02028 15.43642 15.44783 15.12451 15.35362 16.40503 17.70032 17.9224 15.68142 -9999 -9999 -9999 -9999 -9999 -9999 -9999 -9999 -9999 -9999 -9999 -9999 15.20508 14.48063 -9999 -9999 14.43042 15.88514 16.38741 15.61675 -9999 -9999 -9999 -9999 -9999 -9999 -9999 -9999 -9999 -9999 -9999 -9999 -9999 -9999 -9999 15.17585 16.35332 16.09861 14.9304 13.13451 11.25584 9.47118 8.39314 8.5923 9.33544 9.23276 8.89212 -9999 -9999 -9999 -9999 12.84131 14.09202 15.70508 17.99322 20.43756
18.83884 16.23439 12.593 9.61494 11.17492 12.69648 13.58857 14.24976 13.40397 13.78588 14.76976 15.31212 16.37215 -9999 -9999 -9999 -9999 -9999 -9999 -9999 -9999 -9999 -9999 -9999 -9999 -9999 18.23948 17.84817 16.62428 15.21892 14.88358 16.10846 18.28182 19.1394 18.56343 15.99215 -9999 -9999 -9999 -9999 -9999 -9999 -9999 -9999 -9999 -9999 -9999 -9999 -9999 -9999 -9999 15.90888 16.30948 15.94598 14.85355 13.40226 11.96532 11.1796 11.47365 11.69634 10.93784 10.35862 10.22212 10.90153 11.14982 11.87301 13.25545 14.91575 16.75935 18.80063 21.13132
20.43592 18.00153 14.46906 9.36664 9.24362 10.03845 10.8365 12.405 13.9067 15.2795 16.34244 16.63978 16.48561 -9999 -9999 -9999 -9999 -9999 -9999 -9999 -9999 -9999 -9999 -9999 -9999 19.82626 20.38037 19.88475 18.24074 16.1379 15.28938 16.68793 19.08997 20.13679 20.0444 17.85813 14.01326 -9999 -9999 -9999 -9999 -9999 -9999 -9999 -9999 -9999 -9999 -9999 -9999 -9999 -9999 -9999 14.39477 14.9994 14.88567 14.41038 13.75712 13.12054 12.91244 12.72394 11.12994 10.35862 10.53909 11.38984 11.69473 12.11549 13.32735 15.24088 17.36373 19.47639 21.7137
21.07255 18.60258 15.00868 9.81412 5.95366 7.01141 10.70495 14.15667 15.66948 16.83104 17.64353 17.64337 -9999 -9999 -9999 -9999 -9999 -9999 -9999 -9999 -9999 -9999 -9999 -9999 19.58183 20.30722 20.36448 20.07398 18.45088 16.24034 15.15564 16.8758 19.4333 21.06279 21.08717 18.97103 15.13169 -9999 -9999 -9999 -9999 -9999 -9999 -9999 -9999 -9999 -9999 -9999 -9999 -9999 -9999 -9999 -9999 -9999 -9999 -9999 -9999 -9999 -9999 -9999 -9999 -9999 -9999 -9999 13.03453 13.59899 14.29898 16.16098 18.14812 20.36436 22.538
21.07255 18.77832 15.00868 9.81412 5.25695 8.35606 12.29744 15.77494 17.38385 -9999 18.93404 18.40119 -9999 -9999 -9999 -9999 -9999 -9999 -9999 -9999 -9999 -9999 19.79692 20.69802 20.72345 20.36496 19.49634 19.00442 17.53386 15.41476 14.47078 16.54649 19.47365 21.72017 21.46086 19.56313 16.1852 -9999 -9999 -9999 -9999 -9999 -9999 -9999 -9999 -9999 -9999 -9999 -9999 -9999 -9999 -9999 -9999 -9999 -9999 -9999 -9999 -9999 -9999 -9999 -9999 -9999 14.57578 -9999 15.74413 16.01219 16.26912 17.86917 19.70601 22.0236 24.1575
21.38456 19.41921 15.02675 9.83219 5.27502 9.25387 13.63131 17.14361 -9999 -9999 -9999 -9999 -9999 -9999 -9999 -9999 -9999 -9999 -9999 -9999 -9999 20.27373 21.7012 22.15899 21.78794 20.83619 19.56501 17.93894 15.96163 13.85278 12.8465 15.41778 18.49809 20.69381 20.77959 19.17909 16.19612 -9999 -9999 -9999 -9999 -9999 -9999 -9999 -9999 -9999 -9999 -9999 -9999 -9999 -9999 -9999 -9999 -9999 -9999 -9999 -9999 -9999 15.61211 16.22001 15.75115 17.13762 18.08618 18.98961 19.28173 19.33159 19.40612 20.49238 22.18721 24.4561 26.6884
22.48121 19.91718 15.05092 9.85636 5.29919 9.77729 14.43446 18.11058 -9999 -9999 -9999 -9999 -9999 -9999 -9999 -9999 -9999 -9999 -9999 -9999 19.82271 21.64531 23.09581 22.909 22.02268 20.74019 19.39023 17.33691 15.4565 13.38279 12.50823 15.38304 17.60746 19.3219 19.66169 18.22944 15.31023 11.67625 -9999 -9999 -9999 -9999 -9999 -9999 -9999 -9999 -9999 -9999 -9999 -9999 -9999 -9999 -9999 -9999 -9999 -9999 -9999 -9999 -9999 17.26466 17.46352 18.76895 20.1813 21.82835 22.29717 22.35999 22.27139 23.30987 25.1654 27.3212 29.419
24.08631 20.41065 15.05092 9.85636 5.45298 10.10923 14.94179 -9999 -9999 -9999 -9999 -9999 -9999 -9999 -9999 -9999 -9999 -9999 -9999 19.68265 21.0806 22.59876 23.75072 23.02254 21.3575 19.3825 17.41531 15.4916 13.95668 12.13482 11.56874 14.1259 15.75011 17.587 18.19115 16.99185 14.18539 10.82712 9.13658 -9999 -9999 -9999 -9999 -9999 -9999 -9999 -9999 -9999 -9999 -9999 -9999 -9999 -9999 -9999 -9999 -9999 -9999 -9999 -9999 18.19393 18.67181 19.4334 20.589 22.37848 23.62465 23.98932 24.42581 25.57287 27.5346 29.5581 31.4284
24.71267 20.45368 15.0627 9.93897 6.10586 10.69368 15.24066 -9999 -9999 -9999 -9999 -9999 -9999 -9999 -9999 12.12886 -9999 -9999 20.49886 21.5744 21.9536 22.65523 23.48123 22.51226 20.32772 17.73822 15.52616 13.44893 12.01693 10.54171 11.82483 14.81095 15.91801 15.78533 16.14087 15.22724 13.1244 10.27473 9.78498 9.78498 -9999 -9999 -9999 -9999 -9999 -9999 -9999 -9999 -9999 -9999 -9999 -9999 -9999 -9999 -9999 -9999 -9999 -9999 -9999 18.72377 19.57428 20.11675 21.04263 22.84287 24.25333 24.93684 25.5405 26.6518 28.2611 30.3438 32.0129
23.92976 19.28459 14.01007 9.16594 6.78746 11.2658 15.47788 -9999 -9999 -9999 -9999 -9999 -9999 -9999 -9999 13.90272 17.50986 20.51231 22.3477 22.84904 22.4403 22.57652 22.86939 21.75378 18.86741 15.90983 13.32157 11.22472 9.71184 11.24682 13.21639 15.92916 16.68117 14.75463 14.52608 13.41079 11.58216 11.27385 11.27385 11.27385 11.27385 -9999 -9999 -9999 -9999 -9999 -9999 -9999 -9999 -9999 -9999 -9999 -9999 -9999 -9999 -9999 -9999 -9999 -9999 18.80131 19.82425 20.39628 21.24296 22.849 24.31631 24.94097 25.3333 26.2358 27.4789 29.3529 30.9284
22.5183 17.82908 12.99449 8.65129 8.68462 11.99199 15.74842 -9999 -9999 -9999 -9999 -9999 8.61492 10.01779 12.53381 15.86522 19.47959 22.0284 23.06652 22.73024 21.92114 21.73004 21.80085 20.38983 17.04612 13.84626 10.85908 8.86876 11.80895 13.39762 14.94609 17.1381 17.21802 14.75463 13.30198 11.42741 10.01771 10.95038 11.47344 11.47344 11.47344 10.74799 -9999 -9999 -9999 -9999 -9999 -9999 -9999 -9999 -9999 -9999 -9999 -9999 -9999 -9999 -9999 -9999 16.08168 18.37003 19.58431 20.22984 20.91962 22.28115 23.69744 24.1167 24.3074 24.9065 25.8234 27.2182 28.639
19.39933 15.16957 10.85392 7.22521 10.36634 12.69542 15.6605 18.08022 -9999 15.38826 12.64318 9.2474 9.28581 11.02815 13.54841 17.02937 20.59825 22.13835 22.45976 21.93586 20.66736 20.27394 19.87838 18.27527 15.20656 11.66318 8.33638 10.31362 13.56752 14.86375 15.96688 17.63751 17.20472 14.24211 11.61494 8.39315 8.53932 9.46943 10.63896 11.16214 11.32621 10.49666 -9999 -9999 -9999 -9999 -9999 -9999 -9999 -9999 -9999 -9999 -9999 -9999 -9999 -9999 -9999 12.46906 14.90822 17.20742 18.94896 19.9435 21.01352 21.93443 22.07744 22.0572 22.0679 22.5436 23.1534 24.174 25.2357
17.63935 13.77012 9.90519 10.0848 12.08201 13.52345 15.72684 17.69612 17.49318 15.11025 11.5766 7.93686 9.82324 11.88441 14.3946 17.81094 21.01346 22.7285 22.46065 21.22902 19.35002 17.85099 16.76715 15.0193 12.70361 9.42779 7.34842 11.58669 14.75033 15.74133 16.22098 17.13242 16.10832 12.97577 9.57404 6.51695 6.83131 7.49465 9.38632 10.73909 11.71976 10.52624 -9999 -9999 -9999 -9999 -9999 -9999 -9999 -9999 -9999 -9999 -9999 -9999 -9999 -9999 -9999 11.08258 13.45255 15.82988 18.08067 19.8651 21.7319 23.08757 23.37357 22.4595 21.4754 20.2105 20.1844 20.6413 21.4504
16.00607 12.26494 8.76583 11.57441 13.09894 13.84289 15.61778 17.27307 17.12494 14.7099 10.36032 8.08163 10.43355 12.97279 15.80226 18.31004 20.8013 22.45472 21.99027 20.4458 18.14739 15.63848 13.72292 11.81602 9.83083 7.10665 9.1457 13.27544 15.84186 16.24105 15.83839 15.83625 14.60373 11.34254 7.69596 7.55944 7.55944 7.55944 7.87138 9.85102 12.12024 10.91146 -9999 -9999 -9999 -9999 -9999 -9999 -9999 -9999 -9999 -9999 -9999 -9999 -9999 10.18399 9.26821 9.84163 12.15741 14.8807 17.49866 20.08365 22.6536 24.41318 24.89082 24.1594 23.2368 22.0293 20.4154 19.0856 18.4397
14.79065 10.86979 8.93448 12.07274 13.79337 13.84289 15.13106 16.43335 16.2435 13.82512 9.39806 8.51993 11.14069 14.10927 16.95419 18.05298 19.93624 21.27341 21.04298 19.59148 17.3818 14.5725 12.39739 10.37116 8.37245 8.23418 11.16576 14.53764 16.44797 16.24105 15.33645 14.39099 12.82934 9.47699 8.04223 9.47335 9.47335 9.47335 7.9212 10.56954 13.15478 12.17597 -9999 -9999 -9999 -9999 -9999 -9999 -9999 -9999 -9999 -9999 -9999 -9999 11.9259 10.29003 8.79276 8.00705 10.47033 13.68008 16.78923 19.90665 23.13286 25.16203 25.75434 25.0672 24.0645 22.833 21.2938 20.085 19.52
13.75726 9.84319 9.37744 12.5157 14.19184 13.54107 13.80008 14.71972 14.11482 11.58271 8.67177 7.93357 10.8403 14.01609 16.64942 17.93353 19.31411 20.31712 20.25726 18.99235 16.81724 14.08165 12.11867 9.95968 8.41043 11.35109 12.55219 15.21573 16.44797 15.99128 14.65902 13.17636 11.16952 7.83892 9.17763 10.18492 10.18492 9.8214 7.84176 10.51661 12.41275 11.82353 10.48767 -9999 -9999 -9999 -9999 -9999 -9999 -9999 -9999 -9999 14.56753 13.54171 11.80547 9.85015 7.68332 6.36755 8.93733 12.23211 15.65131 19.07535 22.44626 24.7212 25.58656 25.0672 24.0645 22.833 21.2938 20.085 19.8367
13.05538 9.09712 9.90226 13.04052 14.51007 14.11813 13.99865 14.26999 13.39404 11.29811 8.89627 7.42025 10.68883 14.07836 16.40006 17.96589 19.06401 19.80182 19.84092 18.77264 15.94404 12.83845 10.8209 8.96982 10.70569 12.89146 13.2168 15.30162 15.99283 15.15464 13.57139 11.44079 8.69909 8.74149 9.71203 10.07568 10.07568 9.35667 8.35111 10.76416 11.53155 10.96208 10.47317 10.38151 10.29471 -9999 -9999 -9999 -9999 -9999 11.75088 13.93524 13.7672 12.49709 11.27842 9.58444 7.57475 6.42398 6.86882 10.29817 14.157 17.69555 21.05676 23.315 24.16116 23.8825 23.1455 22.1502 20.8768 19.8358 19.5814
12.81675 8.77075 10.99907 13.48015 14.8129 14.97587 15.09648 15.14731 14.42411 12.23257 10.01554 7.84175 11.27261 14.83546 17.11162 18.21513 19.09016 19.68092 19.85542 18.67556 15.42071 12.3689 10.15694 9.32688 12.60449 13.7553 13.2168 14.7608 14.82934 13.70932 11.73364 9.81102 10.29766 10.75098 11.29182 11.29182 11.29182 10.358 9.92206 11.51948 11.44292 11.07711 11.71208 11.86541 11.86541 11.83402 -9999 -9999 -9999 -9999 11.52896 12.97317 12.38805 10.90592 9.66127 9.25657 7.83995 6.77264 6.95317 8.63933 12.18863 16.34965 20.39956 23.0029 23.33106 22.0516 21.4665 20.699 19.9327 19.2731 19.6541
11.34311 7.3422 10.7687 13.35867 14.73907 15.36983 16.04417 16.65368 16.12299 13.89275 11.55499 9.26908 12.61256 15.88009 17.84227 18.76822 19.62522 20.31726 20.30307 18.83325 15.7443 13.00426 10.71867 11.82374 14.19989 14.29556 13.2168 14.27906 13.62347 12.13656 10.13729 10.78449 11.16415 11.93089 12.4089 12.4089 12.4089 11.32165 11.38623 11.93298 11.15371 12.03874 12.89648 13.36813 13.68049 13.68049 12.69076 -9999 -9999 -9999 -9999 11.78925 10.97554 9.20852 8.67001 8.83868 8.38483 6.84285 7.56768 9.08165 12.19622 16.33663 20.39956 23.0029 23.33106 21.6797 20.3862 19.737 19.1788 19.5402 20.6702
9.79059 6.37854 9.96731 12.56762 14.07863 15.16026 16.69532 17.38217 16.7777 14.70318 12.5384 10.20929 12.97374 16.12411 18.38597 19.76035 20.62239 21.26471 20.78535 18.63673 15.70159 12.95624 10.49584 13.43494 15.11529 14.80076 13.52198 13.49066 12.20281 9.56867 10.5033 11.15952 11.74682 12.36901 12.94805 12.94805 12.94805 12.06288 12.48734 12.52685 10.89597 11.16097 11.72508 12.36186 13.19468 13.53426 12.67392 10.72085 -9999 -9999 -9999 10.63687 10.08821 9.20852 9.34866 10.11403 9.96418 9.17434 8.20167 9.33026 11.81982 15.73533 20.16358 23.0029 23.33106 21.5541 19.7612 19.6928 20.2082 21.2908 22.2315
8.26559 5.80148 9.00803 11.46583 12.67124 13.91894 16.32078 17.50891 16.93341 15.57738 13.45913 11.17126 13.03078 16.19593 19.00227 20.75169 21.47374 21.94461 21.38804 18.6288 15.6443 12.84532 11.64216 15.07734 16.17459 15.72946 14.37285 13.31954 10.88471 9.95819 10.28533 10.34645 10.43524 10.6562 11.02541 11.02541 11.02541 11.86651 12.59365 12.06118 10.33433 10.03735 10.61396 11.61341 12.72346 13.3601 13.42156 11.94965 -9999 -9999 -9999 9.82478 10.08821 9.20852 9.34866 10.11403 10.1587 10.13764 10.38386 9.4348 10.50384 13.73102 18.97596 22.45684 22.91146 20.9185 21.3112 21.7714 22.066 22.6678 23.3305
6.77312 6.77312 7.7611 9.92043 10.75656 13.19746 15.41449 17.58828 17.98337 16.78705 14.70626 12.31269 12.99419 16.10455 19.16553 21.19569 21.75248 21.91583 21.56143 18.71652 15.48957 12.35957 13.36416 16.79934 17.62169 17.26816 15.74165 13.7987 10.65845 10.30711 10.60653 10.68158 10.51542 9.15312 9.02548 9.02548 9.90408 11.8676 12.37619 11.76991 10.1778 10.35395 10.35673 11.56071 13.33913 14.79434 15.4198 14.45636 12.89826 11.31937 -9999 -9999 -9999 8.7049 9.34866 10.11403 10.1587 10.13764 10.60479 10.59643 10.13755 11.6058 17.41056 21.5124 22.36369 21.2433 22.2219 22.5399 22.3301 22.8654 23.4574
8.13903 8.13903 8.13903 7.68947 9.84676 12.34766 14.68542 16.97967 18.53793 17.88358 15.62744 13.19447 12.56362 15.42339 18.05641 19.92328 20.78332 21.12619 20.46033 17.26903 13.79127 10.13065 13.7637 17.30344 18.28929 17.6726 15.49743 12.67708 9.67914 9.80046 10.05333 10.11545 9.53884 8.48821 8.00087 8.00087 9.4159 11.8536 12.21899 11.7595 10.50225 11.36767 11.62868 12.14477 14.46828 16.53916 17.59428 17.22965 16.15134 15.13136 14.16643 13.09711 11.73332 9.3071 8.21653 9.78834 10.1587 10.13764 10.60479 10.79608 11.15946 11.42207 15.33713 19.32166 20.65859 21.40863 22.5235 22.3376 22.2328 22.9005 23.776
9.78076 9.78076 9.97326 12.33498 10.56978 12.23076 14.39554 16.72465 18.85786 18.1197 15.8131 13.53487 11.44469 13.69534 16.22123 18.29534 19.85393 20.57746 19.1902 15.60998 11.84121 9.4228 13.72673 17.12693 18.21838 17.39843 15.08716 11.95036 9.42043 9.84283 9.96303 9.96303 9.15579 8.03643 7.47165 7.31538 8.97586 11.28074 11.81628 11.54956 10.66642 11.83092 12.63184 12.78771 15.01449 16.94779 18.41652 19.13805 18.78735 18.21417 17.44007 16.30621 15.07122 13.4644 12.15686 10.5382 9.80746 10.13764 10.60479 10.79608 11.15946 12.21868 15.44923 18.23838 19.55887 21.32447 22.19891 22.1949 22.7524 23.375 24.1435
11.27321 11.00682 12.49389 14.98762 13.41703 11.22042 13.33867 15.62654 17.86528 18.30892 16.24156 14.32656 12.48531 12.52196 14.89283 16.73785 18.64132 19.44617 17.64304 13.90843 9.9178 8.7045 13.08626 16.49394 17.7797 16.63084 14.03016 11.19299 9.8822 10.36777 10.41698 10.10567 9.00089 8.18264 7.8555 7.64528 9.19249 11.50828 12.2826 11.78767 11.41175 13.754 15.11313 15.00912 16.20208 18.08089 19.61391 20.56583 20.95575 20.67694 20.06903 19.02104 17.81977 16.57026 15.53413 14.85093 13.80817 10.98106 10.60479 10.79608 11.15946 11.98528 13.80813 15.44868 16.38077 18.76558 20.22008 20.67942 21.4571 22.1405 23.5077
12.36821 12.94091 14.50211 16.49587 14.90157 10.46041 11.62829 14.02186 16.3057 17.55117 16.6238 15.1259 13.50921 12.2552 13.94707 15.86194 17.64866 18.4295 16.40528 12.33604 8.3301 7.4043 11.83681 15.73143 17.23298 15.93428 13.44666 10.95441 11.33716 11.74946 11.74946 11.11589 10.14531 9.43982 9.0552 8.9167 10.12337 11.96004 12.84027 12.11622 12.9628 15.64521 17.73191 18.49765 17.68642 19.26531 20.5471 21.63914 22.31297 22.47628 22.08088 21.83062 21.26214 20.12094 19.23984 18.51774 17.65261 15.48206 12.36935 10.89898 11.15946 11.55338 12.17553 13.12518 13.66617 15.84668 17.37918 18.07412 19.2898 20.4565 22.3973
11.56279 13.27651 15.37894 17.10425 15.78274 12.04738 10.6805 13.11347 15.53672 16.91999 17.2381 16.3188 15.1853 13.94248 14.24208 15.88234 17.16372 17.80595 15.93847 11.68142 7.4779 6.8842 11.19838 15.11928 16.52542 15.50743 13.07474 11.02024 12.81544 13.53204 13.53204 12.68032 11.64291 10.996 10.62773 10.16329 10.61874 11.70389 12.35098 11.71385 13.43848 16.51728 19.06358 20.70161 19.43637 20.02422 20.98915 22.05847 23.10281 23.72351 23.92641 24.00832 23.75031 22.97112 22.05468 21.10348 20.06758 18.61778 16.71568 14.90158 13.08741 11.65848 10.03883 10.64548 10.91117 13.34518 15.78998 16.05912 17.6163 19.1128 21.4241
11.62291 14.12406 16.37673 17.66069 16.01505 13.2924 10.30713 12.58536 14.67554 16.02404 16.8172 16.7516 16.0497 14.814 14.8552 16.41359 17.70997 17.95739 16.3249 11.96149 7.3676 7.2544 11.2545 14.61875 15.59038 14.61352 12.05286 9.78306 12.03246 13.23386 13.45736 12.72325 11.71075 11.21138 11.20985 10.93927 10.96441 11.64194 12.19219 11.58219 14.30379 17.53739 20.22289 22.08328 21.45428 20.04361 20.84051 21.97437 23.20936 24.09399 24.65553 24.92697 25.08193 25.27895 25.61363 24.76255 23.50595 21.95255 20.03535 18.83065 17.30564 15.96948 14.34983 12.54598 10.92607 14.20178 16.90508 16.94142 16.188 17.827 20.3154
12.55354 15.54029 18.05741 18.57753 16.53802 14.02672 11.40972 10.69593 12.53718 13.93319 14.9194 15.09689 15.06699 15.50209 16.29079 17.42339 18.61703 18.55333 17.18011 12.9844 8.2815 8.1507 11.7839 14.60557 15.21899 14.00072 11.21822 8.90402 10.95832 12.54782 13.13232 12.49401 11.49806 11.48425 11.85806 12.35299 12.35654 12.48595 12.66347 13.06557 15.73397 18.84757 21.56257 23.04673 22.51461 20.79246 19.92102 20.96901 22.17028 23.25312 23.97422 24.47061 24.98591 25.79366 26.79354 26.53596 25.11866 23.47586 21.54816 20.37686 19.87189 19.42854 18.58836 16.8609 14.49767 15.01278 17.46238 17.61612 16.9244 16.401 18.8647
14.57945 17.05794 19.0778 19.25457 17.36676 15.55933 13.84418 11.14216 9.13446 10.40397 11.30449 11.7814 12.7903 14.7041 15.6592 16.6325 18.06245 18.92525 17.87043 14.2547 9.8075 9.2844 12.4629 14.83525 15.1569 13.67926 11.27416 8.99956 10.43506 12.26956 12.64569 12.31363 11.77734 12.24511 13.03224 13.75629 14.34642 14.99974 14.80204 15.83764 18.39344 21.12764 23.53904 24.37473 23.15371 21.0626 19.1845 18.8787 20.0177 21.1589 22.04 22.7621 23.61403 24.82228 26.20293 26.40966 25.43654 23.76934 21.88054 20.73124 20.48444 20.35434 19.78488 18.575 16.62203 15.11823 16.5965 17.13852 16.1409 14.4404 16.677
