inter_relief.asc
ncols         469
nrows         365
xllcorner     198538.8800233
yllcorner     438669.69527598
cellsize      10
NODATA_value  -9999
[rows 310 to 340 of 365, columns 71 to 141 of 469]
6.05406 5.31913 5.31493 6.02505 6.93878 7.99985 9.09543 10.62969 12.3695 14.01752 15.62711 16.82794 17.49431 17.74 17.97581 18.30917 18.6806 18.54998 17.95165 17.48916 15.71323 13.34047 -9999 -9999 -9999 -9999 -9999 -9999 -9999 -9999 -9999 -9999 -9999 -9999 -9999 9.58054 11.40658 11.96355 11.96355 11.96258 11.44465 10.95645 10.79445 12.28125 13.23923 13.66664 13.81498 12.87904 10.74208 8.33679 6.14723 5.61016 8.14141 10.67801 11.7989 10.81123 12.78783 14.09331 14.6684 14.96953 14.96953 14.96953 14.76733 13.85312 12.14428 10.37395 12.11211 13.72294 15.88039 16.53222 15.78254
8.61193 7.43669 7.09235 6.5378 5.86626 5.47887 6.78749 9.05682 10.9796 12.64952 14.58059 16.61434 18.57424 19.18673 19.57079 20.41393 21.12664 21.26314 20.92365 20.45403 18.77557 16.33237 -9999 -9999 -9999 -9999 -9999 -9999 -9999 -9999 -9999 -9999 -9999 -9999 -9999 -9999 8.48588 9.4736 9.4736 9.4736 9.4736 9.4736 10.23136 12.09698 13.85186 14.94027 15.06128 14.06806 12.17997 10.13403 8.29908 7.09618 8.781 11.05121 12.76946 10.81796 10.25153 12.09 13.25246 14.13887 14.7275 14.82879 14.82879 14.18148 12.94063 11.49653 9.94486 11.96754 14.8082 16.65179 16.27586
11.4886 9.91013 9.16695 8.25266 7.4292 6.75577 5.794 6.21911 9.17467 11.0662 13.23716 15.66385 18.23223 19.59307 20.78191 22.44115 23.83021 24.32083 24.28575 23.79588 22.156 19.9238 17.24963 -9999 -9999 -9999 -9999 -9999 -9999 -9999 -9999 -9999 -9999 -9999 -9999 -9999 -9999 6.62685 6.96431 6.96431 6.96431 7.3102 8.50432 10.31146 12.14738 14.33529 15.6841 15.12785 14.09263 12.37421 11.05323 10.16848 9.49745 11.05121 12.76946 11.27337 9.83379 9.78555 11.29306 12.59397 13.7158 14.64437 14.73193 14.22959 13.25202 12.04902 10.86801 13.63238 16.27074 17.35673 16.55857
14.47584 12.82797 11.54456 10.22363 9.03816 8.20814 7.42492 7.02469 7.19586 8.20836 10.60359 13.38499 16.50967 18.27269 20.26019 23.14653 25.15603 26.23521 26.68 26.324 25.14899 23.2106 20.67102 -9999 -9999 -9999 -9999 -9999 -9999 -9999 -9999 -9999 -9999 -9999 -9999 -9999 -9999 -9999 4.4093 4.57138 4.82013 5.61957 6.80587 8.66588 10.93518 13.44965 15.38976 16.10964 16.21451 15.30332 14.19864 13.14919 12.16519 11.20461 12.25917 11.03771 9.99309 9.60063 8.76003 9.96809 11.47881 13.25708 14.26769 14.08933 13.4335 12.5348 11.7375 14.2279 17.00039 17.80924 16.72975
16.45877 14.94327 13.80524 12.10349 10.72044 9.65976 8.89489 8.71421 9.06401 8.20393 7.81504 10.75655 14.05041 16.19265 18.35842 21.55256 23.9569 25.9382 27.38842 27.73184 27.51126 25.94357 23.59351 20.67028 17.67875 -9999 -9999 -9999 -9999 -9999 -9999 -9999 -9999 -9999 -9999 -9999 -9999 -9999 -9999 -9999 -9999 4.18484 5.49531 7.79162 10.336 12.82488 15.01444 16.60166 17.63794 17.35732 16.28619 14.90411 13.47708 11.94025 10.40565 10.15815 9.59703 9.20014 7.50538 6.40391 8.0118 9.78618 11.20411 12.20795 12.19429 11.64584 11.56418 12.98979 16.09895 17.25476 16.33444
17.82372 16.05932 14.87812 13.51791 11.79189 10.95911 10.43314 10.33997 10.83281 10.14037 9.50518 8.73611 11.32579 13.27916 15.25685 18.50669 20.89371 23.0269 25.48116 27.13518 28.0869 27.58692 25.76432 23.41766 20.67188 17.14745 -9999 -9999 -9999 -9999 -9999 -9999 -9999 -9999 -9999 -9999 -9999 -9999 -9999 -9999 -9999 -9999 5.38401 9.02249 11.77157 14.13398 15.96893 17.24361 18.24986 18.28741 17.56208 16.2173 14.48293 12.38047 10.41387 8.67213 8.95744 9.19622 7.50538 5.65609 5.82105 7.26515 9.20795 11.31811 11.85927 11.85927 11.85927 12.10167 14.48716 15.90044 15.02219
19.05147 17.4321 15.81948 14.21401 12.74748 11.89302 11.30011 11.99365 12.65517 11.8877 11.37253 10.9305 10.37915 9.94725 11.66624 14.8582 17.23841 19.36008 21.88407 24.3065 26.43162 27.50672 26.79598 25.2361 23.04322 20.13434 16.27379 -9999 -9999 -9999 -9999 -9999 -9999 -9999 -9999 -9999 -9999 -9999 -9999 -9999 -9999 -9999 -9999 8.4856 10.92139 12.98569 14.30667 15.19142 15.86245 16.26462 16.39416 15.92324 14.83915 13.03952 11.51773 9.85854 8.35903 9.19622 7.50538 5.65609 5.22305 5.64338 8.80843 10.9142 11.79359 11.79359 11.79359 11.97977 13.0623 14.31415 13.51604
19.97347 18.93159 17.50715 15.5549 13.65883 12.54567 11.75072 11.89943 12.14333 11.40872 11.11686 11.02226 10.89649 10.62798 9.35001 11.40329 13.52105 15.68937 18.34325 20.83141 23.24272 25.07421 25.63027 25.19716 23.89152 21.77733 18.6666 -9999 -9999 -9999 -9999 -9999 -9999 -9999 -9999 -9999 -9999 -9999 -9999 -9999 -9999 -9999 -9999 -9999 -9999 -9999 -9999 11.63747 12.62147 13.58205 14.50971 15.17046 15.39131 14.82215 13.91641 12.52895 11.28878 9.72005 7.50538 5.65609 5.22305 4.40374 6.42618 8.16027 9.40216 10.34226 11.18675 12.07559 12.6811 13.22582 -9999
20.58737 20.34489 19.15375 17.32537 15.24166 13.65689 12.07232 11.44954 11.58636 11.88732 12.21189 12.21189 12.21189 12.15222 11.88591 11.17975 10.25298 12.37159 15.1649 17.76224 20.15175 22.11134 23.27991 23.55613 22.80939 21.54233 19.27073 16.27285 12.42967 8.69807 -9999 -9999 -9999 -9999 -9999 -9999 -9999 -9999 -9999 -9999 -9999 -9999 -9999 -9999 -9999 -9999 -9999 -9999 9.13446 10.77409 12.19368 13.47131 14.56657 14.56657 14.38161 13.90578 13.58823 13.12952 10.66021 7.69364 5.56293 4.40374 5.0222 5.38167 6.20057 7.82125 9.61069 11.17942 11.5272 11.5272 -9999
20.69033 20.86032 20.21688 18.75143 16.88264 15.11449 13.30477 11.84695 11.14784 11.39166 12.37866 12.76433 12.76433 12.76433 12.67205 12.30633 11.00513 12.14233 13.60637 15.01486 17.15862 18.88643 20.06517 20.76244 20.81338 20.20938 18.41811 15.72749 12.18348 8.80857 6.45566 -9999 -9999 -9999 -9999 -9999 -9999 -9999 -9999 -9999 -9999 -9999 -9999 -9999 -9999 -9999 -9999 -9999 -9999 7.39805 9.20141 10.79728 12.28515 12.74283 12.74283 12.74283 12.74283 12.66523 11.73024 10.26144 8.71902 6.82739 5.35897 5.17549 5.07074 6.09198 7.88142 8.82911 8.86677 8.86677 -9999
19.38696 20.16284 20.23418 19.5879 18.14587 16.61556 14.68279 12.59846 11.34066 11.18799 11.8236 12.38297 12.66253 12.66591 12.64368 12.40142 11.76499 13.63718 15.80001 17.02918 17.14034 16.47575 16.64478 17.23191 17.82627 18.25623 17.16755 14.85155 11.63534 8.48072 7.07346 6.2012 -9999 -9999 -9999 -9999 -9999 -9999 -9999 -9999 -9999 -9999 -9999 -9999 -9999 -9999 -9999 -9999 -9999 -9999 5.32114 7.08834 8.7708 9.74439 10.1538 10.42907 10.59142 10.59142 10.59142 10.59142 10.28297 8.54815 7.05537 5.57951 5.1451 6.19137 7.98081 9.65024 8.09929 5.71728 -9999
17.11934 18.62042 19.70046 19.99286 19.32769 17.95883 15.60862 13.29594 11.66798 11.11456 11.22596 11.57811 12.38911 13.04302 13.2313 13.15971 12.82951 13.64155 16.12224 18.02691 19.10065 18.63596 17.10455 15.64438 14.91755 16.00448 15.79568 13.80557 10.97328 8.41732 8.32267 8.5007 -9999 -9999 -9999 -9999 -9999 -9999 -9999 -9999 -9999 -9999 -9999 -9999 -9999 -9999 -9999 -9999 -9999 -9999 -9999 3.33858 4.67863 5.58494 6.35753 7.32804 7.9239 -9999 -9999 8.34069 8.34069 7.89186 7.3011 6.4565 5.2132 6.25947 8.04891 9.85428 9.09022 6.44305 -9999
14.07115 16.38765 18.61917 19.85721 19.88087 18.30751 16.12364 14.05425 12.74017 11.9354 11.59429 11.43432 12.05631 12.99106 13.5498 13.5498 13.43844 13.09372 15.28684 17.26575 18.59268 18.23645 16.95031 15.43789 14.62281 14.73715 14.68209 13.16264 10.37522 10.04201 10.80679 11.39576 11.8458 -9999 -9999 -9999 -9999 -9999 -9999 -9999 -9999 -9999 -9999 -9999 -9999 -9999 -9999 -9999 -9999 -9999 -9999 -9999 -9999 -9999 -9999 -9999 -9999 -9999 -9999 -9999 -9999 -9999 6.78671 6.79295 5.76588 6.25947 8.04891 9.85428 9.80524 8.09458 -9999
12.16299 14.62358 17.06849 18.83792 19.33893 18.22375 16.44559 14.89461 13.73895 12.63124 11.72029 11.03416 11.83206 13.05898 13.90348 13.90348 13.90348 13.65074 13.41912 15.16398 16.06373 15.58958 14.57157 13.6516 13.3261 13.60531 13.47033 12.11391 11.50933 12.52983 13.4186 14.17132 14.79826 14.54256 13.34829 -9999 -9999 -9999 -9999 -9999 -9999 -9999 -9999 -9999 -9999 -9999 -9999 -9999 -9999 -9999 -9999 -9999 -9999 -9999 -9999 -9999 -9999 -9999 -9999 -9999 -9999 -9999 6.98294 6.96134 7.20141 6.4665 8.89741 10.74216 10.99561 10.54715 -9999
-9999 13.0245 15.47244 17.50132 18.33046 17.82175 16.73981 15.25597 13.88191 12.67774 11.76726 10.91081 12.13504 13.15457 13.88426 13.88426 13.88426 13.72004 12.66258 12.39162 13.37851 12.87405 12.14594 11.32297 11.16899 11.59449 11.04127 11.88419 13.14891 14.04317 15.12283 16.12718 17.01893 17.24236 16.44519 14.93016 12.81866 10.24106 -9999 -9999 -9999 -9999 -9999 -9999 -9999 -9999 -9999 -9999 -9999 -9999 -9999 -9999 -9999 -9999 -9999 -9999 -9999 -9999 -9999 -9999 -9999 -9999 7.62814 7.69624 9.60837 9.14328 10.56926 12.40058 13.18623 13.46924 -9999
-9999 -9999 -9999 -9999 17.08054 17.10717 16.40182 15.08107 13.55522 12.19935 11.2054 10.49757 11.37401 12.08514 12.93811 13.09333 13.09333 12.97317 12.02554 10.66376 11.07619 10.9226 10.23536 9.3864 8.82663 10.14329 10.88104 11.15885 11.54346 12.40874 14.11052 15.55973 16.86201 17.75695 18.03505 17.54234 15.95072 13.7757 11.44179 -9999 -9999 -9999 -9999 -9999 -9999 -9999 -9999 -9999 -9999 -9999 -9999 -9999 -9999 -9999 -9999 -9999 -9999 -9999 -9999 -9999 -9999 5.48373 7.95231 8.54679 11.6353 11.80621 11.01875 12.92661 14.29106 15.15063 -9999
-9999 -9999 -9999 -9999 14.97122 15.56451 -9999 -9999 -9999 -9999 10.65827 10.16391 10.56602 11.09309 11.96965 12.44559 12.44559 12.32812 11.49209 10.06446 8.95377 9.19519 8.79552 9.1241 10.54164 11.44872 11.50094 11.50094 11.26906 10.39564 11.12593 12.76427 14.59999 16.28137 17.63056 18.27321 17.92202 16.74592 14.82629 12.47763 -9999 -9999 -9999 -9999 -9999 -9999 -9999 -9999 -9999 -9999 -9999 -9999 -9999 -9999 -9999 -9999 -9999 -9999 -9999 -9999 -9999 -9999 8.04427 9.25325 12.67466 13.55925 11.29473 12.5429 14.57673 16.22142 16.99413
-9999 -9999 -9999 11.72365 12.87931 -9999 -9999 -9999 -9999 10.95266 10.21906 9.89747 9.95801 9.95801 10.43489 11.19919 11.77002 11.73429 11.10992 9.70316 8.42115 7.65991 7.77004 9.24536 9.77621 9.82153 9.82153 9.82153 8.97874 7.16574 7.2951 9.17103 11.63844 14.02354 15.97769 17.84044 18.89367 19.23029 17.98995 16.31123 14.51617 11.99744 9.35099 -9999 -9999 -9999 -9999 -9999 -9999 -9999 -9999 -9999 -9999 -9999 -9999 -9999 -9999 -9999 -9999 -9999 -9999 -9999 -9999 9.92918 13.54856 14.88027 13.41154 10.86452 13.69092 16.26086 17.26204
-9999 -9999 8.46021 9.99225 11.36631 -9999 -9999 -9999 -9999 10.80136 10.11158 9.71819 9.09655 9.01485 9.02622 10.25403 11.29584 11.56908 10.9846 9.78483 8.6487 7.82555 6.58521 6.87092 7.01919 7.01919 7.01919 7.1549 6.31211 4.49911 3.82507 6.11924 8.71559 11.4375 14.05502 16.61426 18.75795 19.97055 20.06132 19.45059 17.99091 15.69695 12.92093 9.97026 -9999 -9999 -9999 -9999 -9999 -9999 -9999 -9999 -9999 -9999 -9999 -9999 -9999 -9999 -9999 -9999 -9999 -9999 -9999 9.96363 13.58301 15.48895 14.61708 10.91138 11.4538 15.00522 17.12968
-9999 -9999 -9999 -9999 -9999 -9999 -9999 -9999 -9999 -9999 10.13004 9.70145 8.98526 8.28772 8.25818 9.61996 10.79173 11.51582 10.97872 9.73802 8.7708 8.12733 7.87038 6.96319 5.62965 7.94692 9.34261 9.6242 8.78141 6.96841 5.92055 6.44208 6.54274 8.77349 11.59593 14.69781 17.14402 18.87806 19.86027 20.21337 19.84866 17.91802 15.48398 12.6765 10.57069 -9999 -9999 -9999 -9999 -9999 -9999 -9999 -9999 -9999 -9999 -9999 -9999 -9999 -9999 -9999 -9999 -9999 -9999 10.014 13.63338 15.74007 15.57667 11.97722 8.38135 12.65488 16.12148
-9999 -9999 -9999 -9999 -9999 -9999 -9999 -9999 -9999 -9999 -9999 9.19074 8.06182 7.90899 7.86403 9.29166 10.41275 11.35811 11.4084 10.48955 9.11236 8.71452 8.62346 7.59516 8.07661 10.09299 11.32116 11.46245 10.61966 8.80666 7.7588 8.28033 8.32092 6.32316 8.40441 11.24084 13.69487 15.71983 17.21725 18.36904 18.8602 17.73643 16.10569 14.16529 12.40588 10.62253 -9999 -9999 -9999 -9999 -9999 -9999 -9999 -9999 -9999 -9999 -9999 -9999 -9999 -9999 -9999 -9999 -9999 9.37437 13.46062 15.80119 16.08796 12.87991 8.99681 10.01096 14.3331
-9999 -9999 -9999 -9999 -9999 -9999 -9999 -9999 -9999 -9999 -9999 -9999 -9999 -9999 -9999 8.67099 9.953 10.99505 11.25639 10.58384 10.0837 9.82204 9.20342 9.25929 10.85177 12.41195 13.28704 13.32317 12.48038 10.34694 9.10153 10.14105 10.23184 8.16161 5.69121 7.40724 9.64875 11.8173 13.84955 15.70607 16.87583 16.50189 15.24745 14.22305 13.30369 11.9763 9.48286 -9999 -9999 -9999 -9999 -9999 -9999 -9999 -9999 -9999 -9999 -9999 -9999 -9999 -9999 -9999 -9999 8.22843 12.55469 15.7449 16.67508 14.19317 11.27767 8.93197 11.79289
-9999 -9999 -9999 -9999 -9999 -9999 -9999 -9999 -9999 -9999 -9999 -9999 -9999 -9999 -9999 8.47035 9.60648 10.42963 11.00068 -9999 -9999 10.65296 9.42733 10.69836 12.16883 13.14479 13.49481 13.49481 12.0217 10.03185 10.9407 11.87216 11.98023 9.58595 6.7032 6.88119 8.12862 8.61238 10.19237 12.79031 14.47657 14.80786 14.60241 14.01607 13.38503 12.72411 10.70165 8.77869 -9999 -9999 -9999 -9999 -9999 -9999 -9999 -9999 -9999 -9999 -9999 -9999 -9999 -9999 -9999 7.02985 11.50846 15.25505 17.15549 16.19009 14.12723 12.81717 12.2868
-9999 -9999 -9999 -9999 -9999 -9999 -9999 -9999 -9999 -9999 -9999 -9999 -9999 -9999 -9999 -9999 9.31743 9.9609 10.82313 -9999 -9999 -9999 11.18093 12.10354 13.11888 13.69849 13.69849 13.15819 11.38473 10.08407 12.0413 13.11399 12.7318 10.14813 6.99283 8.72452 10.59591 11.24794 10.87441 10.41425 12.03419 12.96278 13.59727 13.47598 13.27039 12.77004 11.46564 10.0337 -9999 -9999 -9999 -9999 -9999 -9999 -9999 -9999 -9999 -9999 -9999 -9999 -9999 -9999 -9999 -9999 10.76031 14.47751 16.56348 16.80948 16.09023 15.63189 15.41939
-9999 -9999 -9999 -9999 -9999 -9999 -9999 -9999 -9999 -9999 -9999 -9999 -9999 -9999 -9999 -9999 8.04673 9.30549 -9999 -9999 -9999 -9999 -9999 -9999 13.4749 13.65302 13.52952 12.56199 10.675 10.31069 12.2369 13.40958 12.93671 10.17345 6.99283 10.14408 12.5742 13.15932 12.71009 12.44435 11.83834 11.32963 12.06559 12.31926 12.40023 12.36713 11.46564 10.06185 8.27752 -9999 -9999 -9999 -9999 -9999 -9999 -9999 -9999 -9999 -9999 -9999 -9999 -9999 -9999 -9999 9.74635 12.8888 14.91197 15.78541 15.67747 15.67747 15.67747
-9999 -9999 -9999 -9999 -9999 -9999 -9999 -9999 -9999 -9999 -9999 -9999 -9999 -9999 -9999 -9999 -9999 8.61916 -9999 -9999 -9999 -9999 -9999 -9999 -9999 12.62327 12.06626 10.79706 9.20458 9.61512 10.99876 12.226 11.46532 8.70206 5.91684 9.74595 12.44524 13.49788 13.58525 12.95037 12.05855 10.67761 10.04704 10.80136 10.76757 10.98472 11.10603 10.06185 8.38855 -9999 -9999 -9999 -9999 -9999 -9999 -9999 -9999 -9999 -9999 -9999 -9999 -9999 -9999 -9999 -9999 10.53549 12.09871 12.86375 13.04484 13.04484 13.04484
-9999 -9999 -9999 -9999 -9999 -9999 -9999 -9999 -9999 -9999 -9999 -9999 -9999 -9999 -9999 -9999 -9999 -9999 -9999 -9999 -9999 -9999 -9999 -9999 -9999 -9999 -9999 8.54172 6.827 8.84728 10.84216 11.95847 10.67953 7.91627 5.48428 9.4941 12.33672 13.55858 12.88291 11.90384 11.18821 10.36127 10.04381 9.93671 10.09314 10.11276 10.69559 9.91255 8.38855 6.33862 -9999 -9999 -9999 -9999 -9999 -9999 -9999 -9999 -9999 -9999 -9999 -9999 -9999 -9999 -9999 -9999 7.9089 8.47327 8.7429 8.79194 8.79194
-9999 -9999 -9999 -9999 -9999 -9999 -9999 -9999 -9999 -9999 -9999 -9999 -9999 -9999 -9999 -9999 -9999 -9999 -9999 -9999 -9999 -9999 -9999 -9999 -9999 -9999 -9999 5.95534 7.62287 10.1232 12.28639 12.46215 10.48538 7.72212 5.93083 9.77922 12.61039 13.59762 12.01139 10.91241 10.07528 9.48744 9.68173 10.05958 10.77509 10.8191 10.69559 9.91255 8.38855 -9999 -9999 -9999 -9999 -9999 -9999 -9999 -9999 -9999 -9999 -9999 -9999 -9999 -9999 -9999 -9999 -9999 -9999 -9999 -9999 -9999 -9999
-9999 -9999 -9999 -9999 -9999 -9999 -9999 -9999 -9999 -9999 -9999 -9999 -9999 -9999 -9999 -9999 -9999 -9999 -9999 -9999 -9999 -9999 -9999 -9999 -9999 -9999 -9999 -9999 9.33196 11.37422 13.17256 12.6223 10.51351 7.75025 7.17546 10.55784 13.25177 14.11058 12.25334 10.47994 -9999 -9999 8.61397 9.13453 9.90075 10.28616 10.33147 9.91255 8.38855 -9999 -9999 -9999 -9999 -9999 -9999 -9999 -9999 -9999 -9999 -9999 -9999 -9999 -9999 -9999 -9999 -9999 -9999 -9999 -9999 -9999 -9999
-9999 -9999 -9999 -9999 -9999 -9999 -9999 -9999 -9999 -9999 -9999 -9999 -9999 -9999 -9999 -9999 -9999 -9999 -9999 -9999 -9999 -9999 -9999 -9999 -9999 -9999 7.66733 8.94118 10.49325 12.09675 13.22141 12.6223 10.36425 7.41587 8.35392 11.39555 13.97609 14.60769 12.65772 10.29757 -9999 -9999 7.5241 7.93652 8.5746 8.99748 9.06294 8.70016 -9999 -9999 -9999 -9999 -9999 -9999 -9999 -9999 -9999 -9999 -9999 -9999 -9999 -9999 -9999 -9999 -9999 -9999 -9999 -9999 -9999 -9999 -9999
-9999 -9999 -9999 -9999 -9999 -9999 -9999 -9999 -9999 -9999 -9999 -9999 -9999 -9999 -9999 -9999 -9999 -9999 -9999 -9999 -9999 -9999 -9999 -9999 -9999 7.77265 8.30862 9.17865 10.49325 12.09675 12.95068 12.1243 9.76989 6.62013 8.77585 11.78808 14.66706 15.18936 13.1041 10.45492 -9999 -9999 7.44913 7.43491 7.55434 -9999 -9999 6.91886 -9999 -9999 -9999 -9999 -9999 -9999 -9999 -9999 -9999 -9999 -9999 -9999 -9999 -9999 -9999 -9999 -9999 -9999 -9999 -9999 -9999 -9999 -9999
