plcurv.asc
ncols         469
nrows         365
xllcorner     198538.8800233
yllcorner     438669.69527598
cellsize      10
NODATA_value  -9999
[rows 145 to 173 of 365, columns 195 to 259 of 469]
-0.3495745 -1.228861 -0.9223502 0.1165739 -0.1885312 -0.4484632 -0.1011104 -0.424125 -0.270584 -0.2552921 0.09443279 0.2559624 -0.118449 0.1315136 0.4583124 0.5482547 0.4431255 0.7595449 0.5956184 0.502792 0.4017377 0.4278462 0.2172447 0.1324035 -0.02525907 -0.2574098 -0.7175984 -0.4884037 -0.5664282 -0.6170945 -0.02556437 0.0145743 -0.0675259 0.7651057 1.599931 1.588047 1.329945 0.7827647 0.3747774 0.2692806 0.1398366 -0.1511633 -0.6731479 -1.12161 -1.489401 -1.773032 -2.057688 -2.302637 -2.2052 -1.777347 -1.623539 -1.228938 -0.6394978 -0.04771724 0.5946714 0.714996 0.3974755 -0.451522 -0.9032379 -0.9757165 -0.6076678 -0.2711846 0.1411975 0.6228657 0.9907622
0.1270307 -0.6699932 -0.5875665 -0.2348996 -0.4799564 -0.2377677 -0.2121237 -0.2511873 -0.2991279 -0.05857925 0.3037428 -0.009431617 -0.01525209 0.1889576 0.6411439 0.3464345 0.5017179 0.8064101 0.5751624 0.6292561 0.4123985 0.2138181 -0.04851616 -0.1473633 -0.367376 -0.5091415 -0.6087133 -0.658379 -0.5941936 -0.5661603 -0.2865527 -0.194166 -0.1489803 0.5136194 1.496271 3.568115 1.732536 0.4482301 0.1961863 0.148681 -0.1422275 -0.5386496 -0.9691308 -1.373904 -1.549456 -1.670891 -1.867871 -1.616041 -1.035732 -0.7254912 -0.6755847 -0.2574318 0.1880312 0.4640635 0.7386648 0.4582043 -0.04760846 -0.5732483 -0.7366356 -0.5125122 -0.2075611 0.3202542 0.7142229 1.041528 1.509338
0.4806286 -0.3065076 -0.5324647 -0.4968367 -0.3427578 -0.1372394 -0.3766005 -0.05902995 -0.4385462 -0.1545263 -0.008061161 -0.3018622 0.05033832 0.3225537 0.4324343 0.167588 0.6168347 0.8603302 0.6434921 0.5833704 0.2829895 -0.08511125 -0.2857891 -0.4892443 -0.6785961 -0.7090139 -0.6984161 -0.7180675 -0.6443676 -0.5000274 -0.2761413 -0.1455397 -0.1114055 0.5489135 0.8504232 1.717417 2.780537 1.433192 0.4900868 0.05455881 -0.3331207 -0.6637514 -1.113495 -1.234766 -1.125862 -1.154099 -1.189859 -0.846129 -0.3726533 -0.2645908 -0.1237469 0.2388407 0.6613634 0.6993519 0.65453 0.09236313 -0.2918494 -0.4490156 -0.2530292 0.1117776 0.5436748 1.044769 1.347271 1.708587 1.802488
0.0432442 -0.1331897 -0.3560462 -0.6062245 -0.2080355 -0.2230109 -0.2530458 -0.3020346 -0.6256673 -0.1464088 -0.256455 -0.1220064 0.08757988 0.3130231 0.09075506 0.3574962 0.6770757 0.8755859 0.620438 0.4942225 -0.0848748 -0.4820159 -0.6844098 -1.04108 -1.053392 -0.9551218 -0.7892321 -0.6727943 -0.6746596 -0.4860319 -0.3332627 -0.2765004 -0.1886418 0.2716029 0.2600868 0.5320634 1.25262 2.383451 1.331591 0.5868581 0.194829 -0.4444847 -0.9348834 -0.8517982 -0.8534893 -0.8512099 -0.6084803 -0.3279151 -0.06504667 0.08768195 0.2561008 0.6350437 0.8639249 0.654628 0.3073361 -0.2324833 -0.2086454 0.07249726 0.4955268 0.9521239 1.366943 1.63041 1.760305 1.648578 1.207329
-0.4467865 -0.1682714 -0.326018 -0.5030675 -0.02314914 -0.4286553 -0.2988433 -0.337016 -0.417277 -0.5932934 -0.4846579 -0.2274633 0.1543412 -0.0003845471 0.1835963 0.3716708 0.390638 1.145126 0.4365124 0.1126544 -0.7369246 -1.142647 -1.36905 -1.704577 -1.527588 -1.253855 -0.7640074 -0.6075339 -0.625736 -0.5863344 -0.448241 -0.4714945 -0.4032213 -0.06177297 -0.00247503 0.1201585 0.5111942 0.7982708 2.580429 2.102415 0.7848631 -0.3597276 -0.3199498 -0.4550701 -0.6313577 -0.5668496 -0.1031105 0.2132627 0.2808866 0.4676583 0.5716755 1.002418 0.9802552 0.5849744 0.2427962 -0.05038068 0.3482347 0.892268 1.366992 1.569648 1.45042 1.380175 1.154698 0.6106495 0.06068947
-0.6365402 0.09400925 -0.2383688 -0.5451673 -0.297378 -0.3730682 -0.2076931 -0.2842348 -0.4549289 -0.3690063 -0.5137136 0.1329454 0.3887423 0.4791499 0.3151022 0.2491872 0.4693593 1.330649 0.5432233 -0.3211305 -0.995868 -1.567279 -1.996652 -2.288885 -2.001572 -1.511726 -0.5509765 -0.499622 -0.6520662 -0.7407284 -0.6912918 -0.8265018 -0.7184762 -0.3360074 -0.09737461 0.1627385 0.5662288 0.3216511 1.032738 1.717396 2.61482 2.566097 2.048509 0.1345328 -0.6237981 -0.2935658 0.5213531 0.8377823 0.7988032 1.050388 1.207204 1.531728 1.397417 0.925822 0.8317947 0.4934467 1.183534 1.628084 1.720793 1.569303 1.330082 0.9798043 0.4464808 -0.2796979 -1.11771
-0.3651888 -0.0918191 -0.5024583 -0.4217958 -0.2191069 -0.09623201 0.2766626 -0.2055372 -0.07250715 0.1804177 0.2617493 0.9322847 0.9656034 0.4891729 0.4382336 0.112838 0.476201 1.276758 1.037866 -0.1900957 -1.076501 -1.591992 -2.060986 -2.54034 -2.257016 -1.552103 -0.3663756 -0.4499589 -0.8506633 -0.9983987 -1.106393 -1.320121 -0.881104 -0.3267235 0.2468725 0.7137797 0.6963366 0.2239135 0.7166666 0.7063984 1.089524 1.161042 1.489712 2.97219 -0.2174191 -0.08142327 1.467879 1.825338 1.748737 2.104018 2.440358 2.853408 2.880486 2.732474 2.35587 1.94435 2.137646 1.792571 1.304513 0.8996363 0.5333878 0.115272 -0.4348958 -1.090724 -2.021698
-0.4418566 -0.5195981 -0.5640191 -0.2695348 -0.3102648 0.09188221 -0.1936005 -0.1453526 0.2289139 1.150123 1.154325 0.546396 0.4473692 0.2587762 -0.02426358 -0.1013629 0.3765541 1.032712 1.660545 0.5019786 -0.4680573 -1.131676 -1.670313 -2.033654 -2.698225 -1.497759 -0.3763129 -0.6118906 -1.086218 -1.096105 -1.286787 -0.9057198 -0.2719642 0.2091792 0.7761441 1.232921 0.7119997 0.24225 0.4680686 0.3215069 0.1825894 0.1978375 0.03360283 -0.4051338 -0.5515531 0.2080726 5.159451 3.242658 2.754415 2.76971 2.701896 2.480512 2.421895 2.5358 2.659093 2.809686 2.97872 2.116411 1.125387 0.3789266 -0.09487352 -0.5854951 -1.224384 -1.665458 -2.18294
-0.6247123 -0.792336 -0.6669084 -0.3698706 -0.1400213 -0.0301685 -0.02940037 0.1212998 0.6617502 1.396052 1.10288 -0.04563606 -0.1498167 -0.4386605 -0.6320311 -0.27846 -0.1934361 0.659199 2.239971 0.3263814 -0.4780929 -0.8292077 -1.054592 -1.318051 -2.101976 -1.947968 -0.8071965 -0.9557111 -1.15156 -0.9055356 -0.6977987 -0.1103932 0.3720305 0.964127 1.526473 1.206209 0.5395624 0.150258 0.1554282 0.06250354 -0.07411106 -0.03383575 -0.2998174 -0.3594781 -0.3171802 0.4018275 2.418291 2.562567 1.539166 1.245165 1.071961 0.5414165 0.164056 0.06700212 0.4996257 1.009434 1.815613 2.842517 1.530649 0.3145304 -0.2547545 -0.7338779 -0.8299848 -1.029132 -1.53371
-0.8294935 -0.9432005 -0.83056 -0.3206747 0.1435049 -0.01755438 0.2697124 0.3978086 0.8251522 1.351416 0.7352893 -0.2195227 -0.6134769 -0.9959205 -1.076382 -0.7144313 -0.4293022 0.2773076 2.446543 0.7656937 -0.1058999 -0.54387 -0.7829689 -1.03049 -1.585065 -2.2996 -1.632052 -1.324685 -0.7317216 -0.4600694 0.06065917 0.5036097 1.011771 1.568196 1.410344 0.9767826 0.4511791 0.113832 0.0272488 -0.03280334 -0.1227241 -0.1896582 -0.4118492 -0.4738279 -0.5577662 0.0863593 1.630794 2.482546 1.547864 0.5732452 -0.0375166 -0.4413019 -0.7594475 -1.127987 -0.9886698 -0.4562469 0.187044 1.766399 3.245512 2.307093 1.07654 0.5527372 0.04558684 0.1410101 -0.4475597
-1.098114 -1.017332 -0.5348014 -0.1827304 0.2603717 0.01804195 0.3753043 0.3156305 0.871943 1.024503 0.3521199 -0.4774971 -0.7994338 -1.272459 -1.01012 -0.844638 -0.2822881 0.6573456 1.937873 2.389146 0.8901346 0.3231307 0.02020217 -0.3534893 -1.033389 -2.188528 -2.632386 -1.606342 -0.6681479 -0.2995783 0.197202 0.7289615 0.9721998 1.223466 0.9376436 0.9107004 0.5213401 0.193255 0.05980078 -0.02232091 -0.1625107 -0.2971514 -0.5003953 -0.7821211 -0.8592607 -0.2122483 1.235676 2.557574 2.092151 0.6336297 -0.2788492 -0.8024668 -1.239652 -1.593599 -1.790722 -1.367025 -0.9373929 0.1022372 1.467854 2.95466 2.992585 2.153114 1.589692 1.373218 1.715113
-1.153279 -0.9440827 -0.2071968 -0.1869304 0.2716603 0.01188195 0.4094923 0.3208913 0.9006253 0.7133822 0.01171493 -0.7515758 -0.8780061 -1.309979 -0.9689047 -0.607058 0.03289362 0.6345131 1.636855 2.93702 1.387514 0.7872337 0.4650211 0.08162942 -0.5227165 -1.509283 -3.272551 -2.047507 -0.9407336 -0.4378196 -0.01522857 0.4095408 0.5423111 0.7221231 0.6215156 0.9563808 0.6393762 0.3240155 0.1855148 0.05311473 -0.2497788 -0.4455983 -0.6292312 -1.12111 -0.9877667 -0.5027833 0.8577712 2.112791 2.576055 0.8024772 -0.3195425 -0.827994 -1.146954 -1.48738 -2.002239 -2.193009 -1.770216 -0.8402745 0.1637431 0.8370549 1.500885 1.895517 1.93085 1.779725 1.403586
-1.173231 -0.6991394 -0.2703097 -0.2770577 0.2589346 0.0009850028 0.4560895 0.3348231 0.8794397 0.5202459 -0.2008228 -0.8842581 -0.9713147 -1.298618 -0.92326 -0.4590192 0.005564305 0.5390267 1.5976 2.755302 2.283129 1.308277 0.7776955 0.2897867 -0.3549603 -1.157308 -2.743462 -3.205112 -1.431272 -0.4083361 -0.1086855 0.08429951 0.2819721 0.4041741 0.7279111 1.013012 0.7167349 0.453424 0.3636491 0.1996076 -0.4209021 -0.658714 -0.9237936 -1.359945 -1.280608 -0.8918616 0.1539664 1.10535 2.812023 1.340319 0.02885686 -0.5251355 -0.8375345 -1.219979 -1.690094 -2.188629 -2.522593 -1.527967 -0.4293393 -0.1540788 0.2052541 0.3132623 0.7764885 1.499316 0.8796362
-0.9609115 -0.6713362 -0.566637 -0.135537 0.2222337 0.03946612 0.518101 0.3481646 0.8150975 0.3611311 -0.3455712 -0.9467174 -1.226262 -1.327424 -0.9636428 -0.5626746 -0.1633688 0.4257323 1.291264 2.374831 2.021332 0.9339469 0.6516145 0.448802 -0.004531796 -0.6384206 -1.568583 -3.905556 -1.797068 -0.447073 -0.3294208 -0.01683106 0.2914303 0.5354291 0.9245405 0.9849883 0.7542592 0.5633656 0.5346726 0.3925146 -0.5003613 -0.8946326 -1.252883 -1.713347 -1.437179 -1.16297 -0.5638762 0.4367524 2.602291 1.071067 -0.1270906 -0.3174168 -0.3683293 -0.4666639 -0.7679198 -1.328551 -1.874014 -2.743364 -1.197459 -0.5258934 -0.1996817 -0.3208069 0.2757403 1.101686 1.005165
-1.008668 -0.7324114 -0.5234852 -0.03524067 0.2874308 0.3064164 0.404996 0.3206117 0.6010242 0.1537808 -0.5040359 -0.9819922 -1.490941 -1.350411 -1.004572 -0.6138453 -0.3816871 -0.1754802 0.7299685 2.331524 1.750249 0.937363 0.7581022 0.5490944 0.1932986 -0.1926922 -0.6724318 -2.12927 -2.088727 -0.6539028 -0.4014714 0.1737575 0.3585891 0.4790139 0.7719274 0.9230551 0.826916 0.6576787 0.6124784 0.5118043 -0.2660528 -1.055942 -1.548596 -2.023163 -1.647278 -1.478909 -0.7331225 0.6241492 1.967438 2.119976 0.4230198 0.1178195 0.09855188 0.0333835 -0.1938487 -0.5485156 -0.9101339 -1.490654 -2.684486 -1.243883 -0.5429578 -0.8602787 -0.1276729 0.738544 1.146367
-1.053974 -0.7332256 -0.5959549 0.03883821 0.4975909 0.3089903 0.1461568 0.4181913 0.3837033 -0.01956549 -0.5664137 -1.153922 -1.58118 -1.31094 -0.9835786 -0.631671 -0.3450464 0.01540751 0.9914707 2.294207 1.633057 0.5016529 0.3580902 0.4866627 0.5330875 0.4674154 0.3385998 -0.4784108 -2.761635 -1.148015 -0.3668458 0.1771432 0.1991232 0.3005679 0.4845214 0.8304369 0.98887 0.7417818 0.5666777 0.438216 -0.04778595 -1.127106 -1.797623 -2.367668 -1.749963 -1.078993 -0.3756946 0.3714823 1.209933 2.182989 0.8495272 0.5794333 0.563655 0.46472 0.1998128 -0.1398796 -0.372429 -0.6566728 -1.298895 -2.281463 -1.528545 -1.478461 -0.5786837 0.3386585 0.8070849
-1.052774 -0.876224 -0.5283024 0.08971627 0.1602118 0.3535505 0.2737493 0.4555514 0.1339984 -0.2498936 -0.7286318 -1.398738 -1.330416 -1.146692 -0.7421717 -0.4948332 -0.3735083 -0.0246503 0.7138995 2.363148 1.453493 0.589101 0.210108 0.1173907 0.3967123 0.6855001 0.6776033 -0.09866354 -2.344326 -2.155019 -0.8757234 -0.2359107 -0.2241553 -0.1025422 0.3087429 1.080852 1.147424 0.732668 0.3705364 0.1897339 -0.2955029 -1.21395 -1.966489 -2.893351 -1.444231 -0.6774311 0.01900234 0.8794994 1.435202 1.816838 1.682122 1.222933 1.030954 0.8354758 0.5055277 0.2067613 -0.04605347 -0.3304589 -0.7359372 -1.528635 -2.30831 -2.322817 -1.3257 -0.2142691 0.05145597
-1.002259 -0.8057244 -0.5292858 -0.2762033 0.2403525 0.6071135 0.3351933 0.1294861 -0.2614492 -0.6377407 -0.8870289 -1.243368 -1.067557 -0.6623924 -0.5008411 -0.4659427 -0.2706121 0.1571237 1.145085 2.374179 1.50472 0.4377007 0.1848541 0.1220632 0.06974836 0.04347659 -0.08236093 -0.6077785 -2.191656 -2.837225 -1.637613 -0.9087868 -0.605437 -0.2204647 0.4944059 1.425954 1.213321 0.5488157 -0.0557486 -0.31334 -0.757287 -1.542499 -2.570839 -2.221786 -1.04173 -0.3505561 0.3619451 1.268223 1.74666 1.66267 1.63433 1.564806 1.128157 0.6209294 0.2668101 0.07145831 -0.1113132 -0.337992 -0.5696207 -0.8996278 -1.443985 -2.303299 -2.45462 -1.276322 -1.075111
-0.6854116 -0.811437 -0.5392302 -0.210562 0.3212311 0.2818949 0.1738942 -0.1427796 -0.6678942 -0.7738236 -0.8310623 -1.084041 -0.532061 -0.4903205 -0.5764551 -0.4037402 -0.15735 0.249223 1.186306 2.407139 1.45628 0.7873059 0.3254636 0.2564658 0.2155365 0.05615349 -0.2904519 -1.029298 -2.512925 -3.259263 -2.296035 -1.060315 -0.5618754 -0.09698307 0.8732587 1.864053 1.248692 0.243501 -0.3261328 -0.9336028 -1.297666 -2.157369 -2.783304 -1.675761 -0.6414798 0.1552831 1.266829 2.206791 1.714996 1.458889 1.713253 1.508268 1.367907 0.9356266 0.3585171 0.00442232 -0.2489568 -0.5163347 -0.647848 -0.739353 -0.9239591 -1.156007 -1.860263 -2.108351 -2.026435
-0.486561 -0.781512 -0.4814526 -0.2275511 -0.03642662 -0.1226866 0.1228435 -0.2163783 -0.6490151 -0.8370767 -1.209374 -0.6307465 -0.5408747 -0.532065 -0.358187 -0.1904859 0.1112998 0.7215189 1.734792 2.310037 1.53459 0.8142047 0.3530975 0.09775523 -0.05570437 -0.210111 -0.5045058 -1.146672 -2.375355 -3.570495 -2.342113 -0.8199039 0.03196928 0.8097719 1.873752 2.204152 1.413074 0.3757873 -0.4187402 -1.302538 -1.896551 -2.9157 -2.468081 -1.035144 -0.1069567 0.7911443 2.034151 2.219375 1.372795 1.20902 1.449553 1.174342 1.430969 1.554667 0.8224159 0.1124667 -0.2862229 -0.4690078 -0.4588819 -0.6477656 -0.8066957 -0.9766306 -1.162928 -1.348674 -1.552541
-0.3309927 -0.644438 -0.5098737 -0.2740505 -0.1881117 -0.2037984 0.1358599 -0.3162946 -0.794745 -1.468469 -0.7213943 -0.610683 -0.4983254 -0.1608885 0.07195044 0.1297149 0.1844407 0.6284811 1.809961 2.231436 1.084538 1.159008 0.7966808 0.514322 0.3004966 0.1062545 -0.2126632 -0.7420052 -2.037678 -4.10183 -2.48091 -0.6198269 0.4660852 1.228993 2.204608 2.240894 1.585537 0.6092221 -0.0918312 -1.378321 -2.506516 -3.020347 -1.730185 -0.7669414 0.05983897 1.183702 2.367284 1.812804 1.036689 0.9809188 1.155757 0.6722161 1.010589 1.308219 1.628373 0.4792076 -0.207312 -0.2017428 -0.03700602 -0.1928051 -0.4969678 -0.7268963 -0.6077401 -0.5899639 -0.9093373
-0.7927405 -0.6005052 -0.5247104 -0.2500888 -0.2205995 -0.269269 -0.1999038 -0.7611901 -1.089094 -0.9049644 -0.7024274 -0.5334133 -0.07888305 0.241249 0.2320095 0.1907649 0.3814563 0.8987134 2.331269 2.100713 0.6070062 0.7170585 0.4897167 0.2762605 0.128401 0.0525677 -0.04879928 -0.4304013 -1.497279 -4.311674 -2.694272 -0.4518396 0.7006717 1.471021 2.307946 2.140335 1.580654 0.7961565 0.1267516 -1.597626 -3.308636 -3.445924 -1.688827 -0.7659105 0.1979938 1.827337 2.344339 1.275574 0.7318223 0.7919687 0.9345891 0.2443034 0.3527617 0.7765264 1.757293 1.619821 0.7909995 0.386946 0.07969404 -0.22308 -0.2906944 -0.319169 -0.4804607 -0.6790835 -0.5659112
-0.5461271 -0.4932685 -0.7500067 -0.3934742 -0.3563793 -0.5168918 -0.3779913 -0.8461378 -1.134491 -1.301015 -0.7116888 -0.09734659 0.2760701 0.1188698 -0.08334875 0.04402008 0.4071802 1.143893 2.064319 1.720721 0.7426722 0.350234 0.3589069 0.4368617 0.3550256 0.155564 -0.03056863 -0.2276772 -0.8771407 -3.674215 -2.889347 -0.2698641 0.9118102 1.646065 2.24372 1.879603 1.384233 0.6675056 0.3943011 -2.452724 -3.885084 -2.034731 -1.84796 -0.8877972 0.9052686 2.782806 1.664356 0.6834232 0.4612809 0.6473988 0.781398 0.1324599 -0.3750486 -0.2011919 0.560669 2.125751 2.079224 0.805628 0.1367099 0.08491271 0.185957 -0.2312857 -0.6932646 -0.5245841 -0.3709512
-0.4174087 -0.2459657 -0.6708211 -0.4727523 -0.4367753 -0.5773324 -0.4699299 -1.127109 -1.527128 -0.7015951 0.002263292 0.4152891 0.2103769 -0.0351569 0.08324597 0.2365537 0.3260396 0.7764193 1.842842 1.558205 0.5120763 0.4619369 0.2170746 0.1882927 0.1774837 0.1452413 -0.038968 -0.3801197 -1.062676 -3.422003 -3.052158 -0.2180149 0.9768624 1.624898 1.917633 1.39404 0.7438534 -0.2290637 -1.840482 -2.356411 -0.4144585 -0.4797974 -0.8780466 -0.000688346 2.999331 1.954799 0.5783151 0.1315072 0.2360141 0.5972248 0.7735759 0.1549139 -0.7658215 -0.7576736 -0.2008335 0.5592673 1.217788 2.297827 1.160611 0.7765499 0.4770192 -0.1033893 -0.4092526 -0.1975934 0.05756028
-0.2098933 -0.197036 -0.5992604 -0.4414277 -0.4138769 -0.6849315 -1.144268 -1.14659 -0.5471115 0.240836 0.6756951 0.4834614 0.2327315 0.3374135 0.4698952 0.4018317 0.3733341 1.059712 1.78969 1.451161 0.577387 0.2098081 -0.0622084 0.05457168 0.08594452 0.01277413 -0.01196611 -0.1239997 -0.5690318 -2.592214 -3.189854 -0.4421123 0.6930712 1.287783 1.407772 0.7782393 -0.2940851 -2.202969 -3.827988 -0.5737873 0.1083723 0.05276189 -0.04851415 1.241046 2.264083 -0.004971338 -0.3448479 -0.4027933 -0.005616412 0.6105355 0.838735 0.4602624 -0.9723569 -1.257438 -0.6791536 0.08166613 0.578031 1.566986 1.921374 1.369402 0.9131445 0.419701 0.1749623 0.09906252 0.3727061
-0.3682469 -0.1050661 -0.4546378 -0.4741784 -0.554036 -0.9235253 -1.106271 -0.6864481 0.2448208 0.7850478 0.6663131 0.5104249 0.5164964 0.5260693 0.2760902 0.04301628 0.1130872 0.7340324 1.777465 1.398888 0.5375925 0.6070928 0.3061157 0.1758158 0.1470066 -0.001419037 -0.1922526 -0.3434541 -0.7579761 -2.355072 -3.55479 -1.010351 0.1746404 0.5216736 0.6713489 -0.1391997 -2.142214 -3.79486 -1.493191 -0.08445261 0.6577855 0.8802223 0.5921652 1.835348 -0.04927287 -1.282281 -1.160418 -0.870298 -0.3853143 0.6544633 0.9705524 0.446647 -0.8410017 -1.424857 -0.804357 0.1028334 0.4440345 0.8661483 1.465858 2.174176 1.668595 1.270323 0.5069692 0.5931944 0.899454
-0.5148595 -0.5700835 -0.4067623 -0.4961488 -0.6764014 -1.164541 -1.050893 -0.03885315 0.3438013 0.4729822 0.5766691 0.3060153 -0.002233133 -0.03356519 0.02196447 0.2144766 0.5617272 1.321706 1.814822 1.357099 0.6532372 0.4800966 0.2117695 0.04260616 0.02873356 0.05668254 -0.00763839 -0.2259351 -0.6089565 -1.774924 -3.668567 -1.621283 -0.5768921 -0.6006525 -0.8474698 -2.344534 -3.446058 -1.658671 -0.5663487 0.4018851 1.553234 3.203048 4.59132 0.5450416 -0.05774254 -1.201806 -1.614203 -1.2565 -0.6222669 0.5297161 0.8456894 0.2833657 -0.8230608 -1.344466 -0.8222625 -0.04584962 0.3800599 0.9337364 1.188966 0.9724621 1.334712 1.674859 2.076086 1.837616 1.394185
-0.7128903 -0.6670941 -0.379178 -0.7697577 -1.005035 -1.371796 -0.2512818 0.2375591 0.5448318 0.7410434 0.419417 0.01356918 -0.2821521 -0.2564624 -0.2725858 0.02903129 0.6312684 1.374831 1.878151 1.353919 0.7358025 0.7151985 0.6707848 0.5166563 0.2853356 0.2333592 0.2181075 0.05782359 -0.2613572 -1.125033 -3.283969 -1.759451 -1.111524 -1.375004 -1.923118 -1.688811 -0.5439581 -0.005010128 0.3691051 1.0647 2.582992 4.120265 2.477317 0.758442 0.3380835 -0.6900148 -1.627342 -1.496849 -0.814497 0.2453608 0.5117709 0.1359041 -0.8136572 -1.164274 -0.9489789 -0.08684538 0.5195069 1.115327 1.160863 0.6874436 0.07684603 0.04503049 0.8939667 2.340265 1.931599
-0.9632387 -0.9311044 -0.3075502 -0.7168521 -0.9012034 -0.3918709 0.2322516 0.5516836 0.7705293 0.2730249 0.1518601 -0.4969947 -0.4826683 -0.2832418 0.00804414 0.4500946 1.068643 1.942307 1.823256 1.485508 0.693648 0.8373422 0.6586634 0.5445804 0.6022402 0.4546074 0.464111 0.4839236 0.2461335 -0.6582422 -2.984554 -2.195266 -1.237378 -1.222576 -1.066412 -0.3081332 0.2841847 0.4202775 0.8607255 2.085074 3.66141 2.464602 1.615954 0.7517493 0.5247542 -0.320212 -1.465825 -1.67538 -1.064778 -0.01359294 0.1707545 -0.2473009 -1.010714 -0.9243039 -0.5997711 0.017619 0.7649877 1.027932 0.8731796 0.6722279 0.1066324 -0.423357 0.1225723 0.9139023 1.463942
