plcurv.asc
ncols         469
nrows         365
xllcorner     198538.8800233
yllcorner     438669.69527598
cellsize      10
NODATA_value  -9999
[rows 116 to 144 of 365, columns 195 to 259 of 469]
1.08027 1.861081 1.45935 0.4481123 0.113058 -0.57974 -0.8838984 -2.010352 -1.850529 -1.516778 -0.8639913 -0.2329916 0.1901743 0.7763034 1.317543 0.729012 0.3822546 0.2203327 -0.2438369 -0.3944106 -0.4761684 -0.6080009 -0.1234939 -0.07356693 -0.1047742 0.1603478 -0.3271683 -0.1208599 0.07534947 -0.008691256 -0.132485 0.05305814 0.18466 -0.04055523 -0.06174175 0.08468281 -0.472689 -0.9938858 0.9134145 -0.181055 -0.4508622 -0.4256064 -0.1023441 0.1113274 0.1821849 -0.09935486 -0.2260033 -0.2405324 0.6329937 1.934192 2.040007 0.4783449 -0.06762413 -0.3654071 -0.7473922 -1.517409 -2.981751 -1.376961 -0.445309 0.176852 0.5436557 0.5496599 0.04154027 -0.607891 -1.067515
0.7916532 1.712526 1.42191 0.6812034 0.01724366 -0.3064267 -0.8196286 -1.862607 -1.843474 -1.376631 -0.4992109 0.1897606 0.7010778 1.332318 1.491956 0.7716444 0.3844037 0.3157394 0.2212127 -0.3476405 -0.4561613 -0.4704033 -0.3973484 -0.3494906 -0.07299013 0.007434457 -0.07062881 0.03606563 -0.3370044 -0.1400299 -0.06235829 0.01758743 0.08640806 -0.07688752 -0.05621388 0.5602776 0.8519493 1.458439 -0.7247774 -1.14599 -1.843501 -1.524469 -0.4650909 -0.168007 -0.08833648 -0.1984211 -0.3284971 -0.3877927 -0.1554251 1.178729 2.475327 1.443626 0.6730062 0.3448444 0.04763752 -0.3821513 -1.370969 -2.278443 -1.209638 -0.2172893 0.3239973 0.301518 -0.3147092 -0.7167422 -1.221029
0.7943311 1.19735 1.408282 0.7114714 0.0281381 -0.03568735 -0.9385272 -1.352645 -1.751448 -1.78791 -1.18155 -0.3302611 0.1266403 0.6248681 1.415226 1.164777 0.6149187 0.4618622 0.2638264 -0.4041592 -0.3972112 -0.3251167 -0.4416034 -0.6811907 -0.1863243 -0.1841428 -0.07649592 0.01866084 0.2483008 -0.1074317 0.002984185 0.0943219 0.1800612 -0.3466505 0.01639063 0.9850314 2.166021 1.202711 -0.009355364 -0.2606452 -1.03081 -1.859707 -1.47682 -0.4543352 -0.2742644 -0.2739907 -0.394329 -0.6167507 -0.5261747 0.7997009 2.042391 2.785211 1.584112 0.7844568 0.08506948 -0.519006 -0.9666198 -1.648255 -1.898057 -0.7466928 0.05932254 -0.113899 -0.5123907 -0.8282905 -1.466637
0.2836722 0.7734613 1.155151 1.01648 0.4510365 0.1719315 -0.8063077 -0.8723406 -1.148818 -1.750513 -1.680176 -1.162827 -0.6791536 -0.07437667 1.195252 1.483512 0.844156 0.6284476 0.3707645 -0.2945778 -0.4176363 -0.3843011 -0.5123788 -0.6455404 -0.02493222 -0.3137248 -0.1745991 -0.1543734 -0.08360852 0.01036643 0.1186243 -0.07513972 0.5971139 0.2011423 0.3148104 2.163769 1.245069 0.4373574 -0.0661773 -0.5195618 -0.5961138 -1.04038 -1.72211 -1.059772 -0.5993835 -0.4217778 -0.4372199 -0.7573029 -0.4384272 0.7169505 1.511154 2.601347 2.113027 0.775304 0.05466674 -0.3778044 -0.8747495 -1.549857 -2.156138 -1.36884 -0.2477397 -0.5137504 -0.6023943 -0.8976935 -1.676845
0.16775 0.7050971 0.6363344 1.108935 0.7958475 0.2298132 -0.3889368 -0.4000304 -0.7329004 -1.180409 -1.583036 -1.766588 -1.321748 -0.7484877 0.302889 1.682189 1.257194 0.9001364 0.1366208 -0.4660605 -0.4608657 -0.3756933 -0.47279 -0.7302489 -0.2813961 -0.1958818 -0.08199526 -0.3398679 0.08178334 -0.195789 0.1981877 -0.0336474 0.6577421 0.5975177 1.307776 2.743788 0.9714816 0.3642862 0.2685929 0.0155553 -0.363175 -0.6641906 -1.042488 -1.24201 -1.154424 -0.7332116 -0.5923887 -0.6807041 -0.4351537 0.5105811 1.053599 1.855683 2.688701 1.748597 0.765983 0.2666697 -0.1150775 -0.5869057 -1.270707 -1.810854 -0.804853 -0.5380457 -0.6806737 -1.072126 -1.227597
0.05515407 0.2945968 0.7681024 0.87994 1.043352 0.4956614 0.08578561 -0.04438584 -0.7446833 -1.087267 -1.177258 -1.323043 -0.9331003 -0.4796692 -0.1491381 0.6544222 1.201305 0.6504234 -0.08914221 -0.1562825 -0.5154242 -0.4849251 -0.507726 -0.75824 -0.4638443 -0.3099619 -0.05593087 -0.2516559 0.1544661 -0.113851 -0.03286663 0.1043201 0.4239714 1.086024 2.115287 1.059591 0.5977557 0.06904064 -0.1756884 -0.008448036 0.01129048 -0.4203104 -0.9970971 -0.9603436 -1.506259 -1.199872 -0.8323119 -0.6826606 -0.4613763 0.1594895 0.7215868 1.141207 1.990595 2.716763 1.986446 1.182703 0.6298946 0.2060895 -0.200961 -0.8016984 -0.8802974 -0.6388696 -0.8324686 -0.8186062 -0.2688555
-0.1164814 -0.05817274 0.7761943 0.6585188 1.082009 0.754681 0.3138027 -0.03368803 -0.7269914 -1.077391 -1.025953 -1.025723 -0.9010523 -0.1624229 -0.1004282 0.3752368 0.9582945 0.5455284 -0.01638461 -0.2008505 -0.5624133 -0.459248 -0.5249547 -0.6146925 -0.7103393 -0.2835173 -0.03176244 -0.2376003 -0.07324622 0.1001235 -0.04698357 0.2655557 1.010469 1.939957 0.5415049 0.4157173 0.467415 0.2861114 0.06847603 -0.1281067 -0.08556739 0.0420027 -0.3167031 -0.6723861 -0.982986 -1.707666 -1.349754 -0.8300859 -0.5472208 -0.1421891 0.5124305 0.7286589 1.257138 2.076614 2.62943 2.051527 0.9052874 -0.05946374 -0.5327396 -0.5680057 -0.6568365 -0.5718262 -0.9207942 -0.3026486 0.1521041
-0.007400482 0.02712671 0.2743671 0.7795552 1.212611 0.9391025 0.4750066 0.04706158 -0.354989 -0.7871081 -1.091731 -0.794001 -0.7652323 -0.4695688 -0.2144187 0.181972 0.8227145 0.4086975 0.04945448 -0.06792462 -0.1348727 -0.209181 -0.4233575 -0.7049413 -0.4929418 -0.3163647 0.1083656 -0.1469982 -0.2120699 0.04776251 0.4155506 0.7870618 1.831898 0.8706017 -0.3436763 -0.6798081 -0.5031219 -0.4123655 -0.1466697 -0.009118887 -0.251993 -0.4826962 -0.3629282 -0.454577 -0.7595665 -1.170767 -2.06587 -1.148853 -0.6791823 -0.2799664 0.2487103 0.4111373 0.921021 1.443229 1.913619 2.273741 1.453341 0.2947805 -0.2846235 -0.4831156 -0.8038687 -0.483285 -1.074266 -0.3204407 -0.2444672
-0.3954195 -0.2449424 -0.2324439 0.5416723 1.008002 1.461008 0.9384548 0.2268471 0.01210681 -0.3880722 -0.7425385 -0.4834338 -0.4212948 -0.4333812 -0.3690333 -0.07766958 0.3447873 0.3780501 0.1922942 0.08969543 0.326764 0.1348445 -0.2433515 -0.3789913 -0.2129817 -0.1711679 -0.07415621 -0.1904638 0.04491634 0.02100526 0.6460153 1.508314 1.595664 0.6526039 -0.08268414 -0.3790569 -0.340456 -0.367853 -0.4581484 -0.2210656 0.000547754 -0.3395239 -0.6557338 -0.5328287 -0.6410154 -1.16747 -2.097161 -1.753679 -0.8484176 -0.3971857 -0.0365046 0.1610298 0.6017951 0.8828318 1.002718 1.634776 2.32537 1.192716 0.2428476 -0.09065046 -0.3907439 -1.094386 -1.159092 -1.088139 -0.6200455
0.09513851 -0.03997232 -0.04674705 0.001685858 0.4928545 0.8874249 1.579767 0.7134762 0.1887238 -0.01018106 -0.3808721 -0.3760048 0.08846316 -0.1414757 -0.5290326 -0.0492717 0.01787767 0.05757497 0.2495166 0.03044576 0.2905854 0.5192651 0.1428242 -0.1987364 -0.1959143 0.1290202 0.04041832 -0.3338478 -0.02128454 0.4425661 1.054816 2.056604 1.048873 0.3640679 -0.02386667 -0.3070262 -0.1866124 -0.04931838 -0.2379212 -0.4449714 -0.1667722 0.100552 -0.1425828 -0.3228774 -0.175261 -0.4229792 -1.119694 -2.378117 -1.256377 -0.620589 -0.2700038 -0.04437726 0.2289146 0.387841 0.4230763 0.6945855 1.484792 2.123943 0.8339515 0.1721326 -0.2313887 -1.282734 -1.393561 -1.377568 -0.6160973
0.3197839 0.2107243 0.2673294 0.1957581 0.3447279 0.5583197 0.857531 0.910705 0.576714 0.5187612 -0.03244833 -0.3263904 0.1118003 -0.06356022 -0.3087667 0.1470033 -0.1200238 -0.3505006 0.01424363 0.2461365 0.01911916 0.3417434 0.5126562 0.04038549 -0.2087099 0.07603008 0.3440436 0.08302596 -0.03542168 0.8792851 1.941051 0.9368841 0.3923554 0.1602236 -0.007935466 -0.2463947 -0.433355 -0.1862658 -0.02727579 -0.2868317 -0.4407033 -0.1335944 0.001062998 -0.2462483 -0.515421 -0.6260747 -0.6965025 -1.127786 -2.085207 -1.00815 -0.5365158 -0.3121195 -0.09298377 0.07128727 0.1308489 0.2659062 0.6653913 1.294924 0.8014885 0.2247461 -0.003897146 -0.7038957 -1.928023 -1.738882 -0.7898511
0.09572265 0.1215084 -0.01625459 0.0820614 -0.05169129 0.4150037 0.5238453 0.7082457 0.6541047 0.672191 0.1702454 -0.1376132 0.2427532 -0.03741423 -0.2878909 -0.03847844 -0.196981 0.00439436 -0.2032237 0.02341258 -0.0596569 0.1470413 0.3284299 0.1219005 0.1023651 -0.04464164 0.2574618 0.5230618 0.5355356 1.520924 2.01133 0.5772024 0.1835065 0.05317564 -0.008660019 -0.1720585 -0.428054 -0.5183716 -0.2437735 -0.0912473 -0.1372799 -0.01099526 0.2784543 0.2354214 0.04060711 -0.1498979 -0.4465561 -0.8705189 -1.217829 -1.690339 -1.036817 -0.7598522 -0.4448281 -0.2043147 -0.1529684 -0.08548172 0.2796556 0.9892847 1.073734 0.4887286 0.2559298 -0.282101 -1.545409 -2.299861 -1.232863
0.4117775 0.537864 0.4527029 0.5009362 0.2603499 0.07874338 0.2436014 0.4358534 0.6894483 0.8879495 0.2880271 -0.1407084 0.132545 -0.06101053 0.1171622 -0.09106653 -0.4171365 -0.1087221 -0.1558443 0.06048727 -0.2405996 -0.02210688 0.2403742 -0.04957286 0.09814421 0.2364931 0.2004772 0.7034435 1.257 1.946566 0.7634428 0.1724895 -0.008537095 -0.1237703 -0.2806832 -0.3707705 -0.4012838 -0.3803012 -0.1066557 0.2092742 0.1308321 -0.149355 -0.1125987 0.03657718 0.2596684 0.307112 0.2712569 0.05625979 -0.2634172 -0.7750582 -1.393828 -1.791813 -0.7287394 -0.2383173 -0.2397089 -0.2245239 0.1645293 0.6923236 1.457485 1.002041 0.6205748 -0.1461623 -1.172073 -2.452304 -1.987887
0.01782806 0.134234 0.2443705 0.3756165 0.6121411 0.2971971 0.1988939 0.04485676 0.5359228 0.7497988 0.4526665 0.3185852 0.1888793 -0.1630248 0.05892459 -0.1743596 -0.4224949 -0.09371753 -0.266558 -0.04861789 0.06156431 -0.1711959 0.01106752 0.1838941 -0.01313971 0.2540754 0.6044353 1.082608 1.894277 1.698949 0.3477748 -6.838787e-005 -0.10554 -0.1643376 -0.2497746 -0.2924416 -0.2808063 -0.2140556 -0.01623865 0.3831148 0.4603627 0.1803682 -0.1429527 -0.2874759 -0.3414311 -0.3099376 -0.2117003 0.08941136 0.2502398 0.3921062 -0.7582039 -1.566572 -1.768508 -0.499699 -0.2761673 -0.01662701 0.4146274 0.5629805 1.584161 1.828183 1.229061 0.2350529 -0.5135911 -1.448411 -2.845689
-0.3916503 -0.3901111 -0.2670524 -0.1933948 0.03462816 0.1223857 0.2320562 0.5332878 0.55507 0.8080137 0.390705 0.3499393 0.4567537 0.0998847 0.09712385 -0.2306118 -0.62269 -0.301383 -0.03086023 -0.1858089 -0.08581329 0.1071552 -0.1882416 0.1200855 0.3184969 0.2042608 0.7004553 1.762267 2.4078 0.851268 0.03941408 -0.127975 -0.1636787 -0.1669885 -0.1887297 -0.1587441 -0.0155656 0.07315488 -0.2767786 -0.4222332 0.06986228 0.4347087 0.3606601 0.1877159 0.02554857 -0.120981 -0.3932793 -0.3832965 0.275493 0.5098258 0.3639462 -0.6339515 -1.682955 -0.9444891 -0.4931991 0.04278485 0.3135491 0.4022181 1.900788 1.741056 2.051867 1.177388 0.3476219 -0.2699167 -1.123318
-0.05705544 -0.2665527 -0.4883595 -0.7483718 -0.5299381 -0.2433594 -0.2086741 0.0993793 0.5303032 0.8141385 0.8523145 0.33937 0.3170518 0.05772068 0.247062 -0.07783044 -0.3426617 -0.5454187 -0.2485818 0.03038872 -0.231749 -0.05814758 -0.1984681 0.05366591 0.3766176 0.6603795 0.9373744 2.305201 1.553902 0.2959564 -0.09061858 -0.1585609 -0.1787745 -0.1779076 -0.2017265 -0.1739931 -0.008615812 0.09657465 -0.08820722 -0.2863012 -0.2798076 0.1367015 0.5719447 0.5706211 0.392931 0.05137097 -0.4061745 -0.5743505 -0.779766 0.09244116 0.7978744 -0.1630148 -0.8016086 -1.660688 -1.02947 -0.1930934 0.06683373 0.4099842 1.457061 1.542665 2.077508 2.395097 1.558787 0.7857554 0.131259
-0.7139331 -0.4679363 -0.422409 -0.6059042 -0.7585532 -0.3780942 0.001295631 0.280264 0.4044856 0.6923279 1.26876 0.925301 0.379844 -0.04680796 0.09908354 -0.1383974 -0.02207279 -0.2840404 -0.3173877 -0.2001465 -0.3586065 -0.01003871 -0.3479342 -0.06767482 0.237581 0.8452618 1.643494 2.677005 1.832965 0.9096737 0.3612795 0.004320977 -0.1300685 -0.1740543 -0.2402471 -0.2621995 -0.1748364 -0.09100361 0.02808808 0.005933914 -0.1011189 -0.1007825 0.1186838 0.3115107 0.148821 0.02740656 -0.2353055 -0.5113962 -0.6366872 -1.135363 -0.3418712 -0.6293992 -0.8807954 -1.874193 -1.389223 -0.6911082 -0.1557875 0.2734778 0.9910169 1.191589 1.403442 2.032759 2.519971 1.777636 1.072012
-1.372665 -0.7916931 -0.7892576 -0.6345034 -0.6678452 -0.8056359 -0.6322052 -0.2966349 0.1390017 0.325724 0.7245283 1.508225 0.9248292 0.4137014 0.1291564 -0.2271226 -0.1092248 -0.2784365 0.01667028 -0.1508846 -0.5831516 -0.3914541 -0.3260668 -0.2229944 -0.3501711 0.3933435 2.052481 3.081734 1.368056 0.6394323 0.1776924 -0.1063412 -0.1357409 -0.1093511 -0.1079676 0.05333576 0.1595724 0.07845488 0.07387929 0.03870536 -0.06939698 -0.2650745 -0.08910536 0.02863268 -0.01144281 -0.2642365 -0.5368334 -0.8948067 -1.15448 -1.432276 -1.593053 -1.81595 -2.305268 -2.739158 -1.851882 -1.073014 -0.4026504 -0.05951544 0.6490055 0.8003263 0.7834798 1.327454 2.303096 1.956881 1.119364
-0.7346321 -0.8382957 -0.4438393 -0.6939633 -0.5979965 -0.5285442 -0.4670237 -0.3794412 -0.2992095 0.05909006 -0.001118111 0.827467 1.252561 1.172167 0.5900593 0.1502282 -0.04205044 -0.2774851 0.02688982 -0.1677693 -0.6155576 -0.7221964 -0.5786498 -0.2504565 -0.2964177 0.2464512 2.202152 1.287383 0.4434056 0.1467611 -0.1391214 -0.2767653 -0.08894886 0.05512884 0.234833 0.3163446 0.2140303 -0.004393169 -0.3104684 -0.6113715 -0.7546416 -0.8698385 -0.938292 -0.9784843 -1.117492 -1.307935 -1.448862 -1.545617 -1.63665 -1.503663 -1.585585 -1.830133 -2.260866 -2.716129 -3.181847 -2.659937 -1.284914 -0.5501927 0.2664586 0.3908582 0.395454 0.7773722 1.707706 2.305549 1.949992
-0.821326 -0.5336661 -0.1137488 -0.08773231 -0.1755715 -0.09104188 -0.2554818 -0.2410466 0.1568476 0.325398 0.6977499 0.9059134 1.261646 1.87207 1.343511 0.6647088 0.2237683 -0.02366853 0.03071651 -0.1991792 -0.6814838 -1.095537 -0.8275751 -0.4116213 0.1648739 0.7005222 2.759624 0.2275372 -0.202264 -0.1864209 -0.06269496 0.1053463 0.1042492 0.06408595 0.1299542 0.1108091 0.04087605 -0.1202357 -0.379021 -0.7068468 -1.068204 -1.286318 -1.609544 -1.758671 -2.068319 -2.393298 -2.047388 -1.676932 -0.7845338 -0.4465629 -0.4960417 -0.9158224 -0.9591236 -0.8976908 -1.490429 -2.881819 -3.667624 -1.765932 -0.3914991 -0.01362426 0.07743834 0.3726556 1.239096 1.754198 1.840431
-1.18345 -0.5070475 -0.1691592 0.3179981 0.3793346 0.6386818 0.2366565 0.1128314 0.0619291 0.3996188 0.7724725 1.224323 1.482942 1.948711 2.596209 1.648244 0.6009649 0.1145913 0.0940887 -0.1811625 -0.6444177 -1.101391 -0.868055 -0.2714476 0.8345775 2.113132 2.390244 0.125142 -0.4334665 -0.5031677 -0.4305228 -0.308048 -0.395905 -0.5692459 -0.556202 -0.2832089 -0.3031364 -0.3946884 -0.5615377 -0.7860512 -1.0077 -1.354135 -1.73949 -2.160506 -2.351585 -1.783849 -1.212064 -0.6569043 0.1668147 0.3107718 0.09274919 0.2631032 0.1794325 0.1061065 -0.237648 -1.029016 -2.455907 -4.140753 -2.089721 -0.6681964 -0.3161269 0.02612837 0.801453 1.385674 1.570399
-1.16997 -0.3622103 -0.1386363 0.6208872 0.8003139 1.034952 1.064939 1.067769 0.8639216 0.7836627 0.7473172 1.090026 1.287696 1.55342 2.427184 3.627563 1.951862 0.58747 0.5266667 0.0002992367 -0.4483117 -0.7671177 -1.077612 -0.2519598 0.9902142 3.259204 1.598507 0.1656458 -0.6236367 -0.8238602 -0.7373931 -0.6668837 -0.6458493 -0.5867645 -0.5400454 -0.6801409 -0.8297907 -1.061225 -1.273211 -1.410426 -1.644916 -2.003236 -2.142435 -1.927965 -1.203187 -0.6515991 -0.608518 0.1037231 0.6605975 0.9297895 1.060992 1.216029 1.126477 1.011487 0.7076846 0.1597152 -0.6785768 -1.687038 -3.130512 -3.406885 -1.537191 -0.5285161 0.2166754 1.163474 1.381875
-0.6518305 0.0847488 0.7286863 1.078508 1.348328 1.328042 1.47344 1.451462 1.092116 0.869189 0.7488043 0.7790418 0.6969348 1.131924 1.450037 1.269736 1.796899 3.136129 2.832491 0.7498168 0.09390134 0.06785759 -0.7747216 -0.4545885 0.7578832 3.83555 2.345496 1.340502 0.6489565 0.1119802 -0.3591997 -0.5163292 -0.3095557 -0.217014 -0.4590411 -0.8363199 -1.190472 -1.569951 -1.878973 -2.029742 -2.121898 -1.836024 -1.33882 -0.7757255 -0.4296232 -0.3501813 -0.2203734 0.6301528 1.270036 1.607398 1.6091 1.536051 1.426762 1.118002 0.7567648 0.264638 -0.2432324 -0.4937727 -0.8384699 -2.105914 -4.030708 -2.23438 -0.6304665 0.6795589 0.9424407
2.125079 1.89286 1.699224 1.566546 1.462491 1.350013 1.010573 0.5947517 0.4339161 0.5172572 0.7531042 0.6419281 0.6047264 0.6298937 0.4335328 0.3857413 0.3335882 0.814927 1.689348 2.484432 3.378784 2.829517 0.6226783 0.4447459 2.1236 1.761789 2.711783 1.990371 1.023139 0.1998904 -0.1256704 -0.02934262 -0.07285651 -0.2697407 -0.4684138 -0.7659856 -1.26591 -1.702224 -1.876044 -1.959495 -1.80181 -1.264646 -0.510128 0.04552896 0.003680527 -0.120567 0.2961321 1.379879 2.259251 2.293025 2.082497 1.782663 1.440292 1.010601 0.4441114 -0.1572446 -0.6525771 -0.4518315 0.1164617 -0.09197928 -0.8923923 -2.579236 -3.3256 0.2031872 0.1001496
-0.4507297 -0.06299233 0.5586736 0.9370578 0.3672363 0.5204599 0.4678707 -0.06008618 0.4498304 0.0603451 0.1276339 0.108863 -0.1740953 0.09066188 -0.1883704 0.08604898 0.3158515 0.55166 0.6143178 0.814183 0.805589 1.860297 1.074367 0.3263988 0.5077292 0.6750321 1.857376 2.700761 2.13446 1.105566 0.5765765 0.2760235 -0.1240402 -0.3072212 -0.5595899 -0.966167 -1.370278 -1.657057 -1.562229 -1.389781 -1.040913 -0.5332638 0.1223439 0.5187124 0.47533 0.6971848 1.287302 2.383904 2.175686 1.638677 1.236322 0.8769207 0.4661384 0.04220606 -0.4412172 -1.130762 -1.195952 -0.07185657 0.3214094 -0.06912418 -0.422378 -1.043684 -1.766479 -2.849805 -2.035175
-0.6702054 -0.1600309 0.2963109 0.06815545 -0.3538211 0.265606 -0.05097614 -0.4179142 0.03195275 -0.3885604 -0.132761 -0.3557049 0.02975264 0.118894 0.1573905 0.5033563 0.3351642 0.5502663 0.6437116 0.6003724 0.3095977 1.273885 1.050403 0.7229407 0.6302893 0.02223986 0.4571836 1.131777 2.297347 2.565738 1.463349 0.7425873 0.177611 -0.301627 -0.59097 -0.9021792 -1.046777 -1.056392 -0.7142143 -0.5564132 -0.2152474 0.2574983 0.6817389 1.178553 1.54683 2.076287 2.353042 2.098053 1.231512 0.6621882 0.2214371 -0.240471 -0.6669542 -1.097646 -1.632479 -1.745487 -0.4561472 0.5186706 0.1169235 -0.3668638 -0.7502323 -1.295218 -1.4591 -0.8377836 -1.46971
-0.5558583 -0.2646725 -0.0426768 -0.3602639 -0.5489911 -0.007700373 -0.3421164 -0.2979225 -0.2226546 -0.2689117 -0.3319345 -0.003060648 0.1629748 0.1952649 0.2209529 0.3745312 0.4529174 0.43733 0.6642338 0.5087163 0.2514506 1.079999 1.001497 0.8154797 0.6360738 -0.2213407 -0.1897734 0.05761258 0.5307869 1.514036 3.116498 1.37119 0.127036 -0.2721317 -0.3444784 -0.4421455 -0.4193963 -0.2161413 0.1792137 0.3725464 0.7309119 1.252761 1.636946 2.06637 2.060545 1.781801 1.347001 0.8501382 0.3202597 -0.1455732 -0.6097506 -1.157083 -1.803522 -2.351138 -2.269453 -0.8476616 0.5658444 0.5882527 -0.1379632 -0.6410235 -1.026623 -1.213807 -1.015544 -0.03473548 -0.1888056
-0.5012252 -0.5220237 -0.4598701 -0.5833487 -0.3447703 -0.2173026 -0.2397891 -0.2319286 -0.2061361 -0.2590143 -0.4307339 0.04101794 0.3407744 -0.05325872 0.223327 0.4082993 0.4812414 0.330313 0.768222 0.4460833 0.248838 0.9283053 0.8410089 0.7042212 0.5377264 -0.2759643 -0.3970121 -0.2947927 -0.08725823 0.3008668 1.511404 2.699145 1.048429 -0.1158317 -0.5636104 -0.3602028 0.03265258 0.3909134 0.6855832 0.9691577 1.308284 1.530688 1.510513 1.185695 0.7498705 0.3417138 -0.0441171 -0.450683 -0.7292279 -1.163217 -1.649916 -2.257741 -2.687884 -2.142162 -1.117276 0.2422373 0.9905658 0.1500883 -0.5329977 -1.010075 -1.158231 -1.0272 -0.7092313 0.158491 0.1711373
-0.5689482 -0.7576908 -0.8289714 -0.3815616 -0.1043916 -0.3576617 -0.04337734 -0.3381814 -0.151576 -0.3918397 -0.02509529 0.2080718 0.1027144 -0.2685241 0.2070968 0.6021627 0.3687888 0.5493152 0.7227544 0.4254823 0.3068636 0.6889352 0.5610921 0.4437684 0.2798404 -0.2746985 -0.455326 -0.4512917 -0.4079509 -0.3640138 0.3612262 1.159245 2.303675 -0.008834462 0.08574087 0.3101397 0.5693551 0.9110125 0.9321613 0.9698288 0.8676114 0.6023308 0.2561933 -0.1919103 -0.5867152 -0.9033189 -1.211604 -1.627492 -2.082911 -2.288062 -2.429006 -2.479139 -1.85022 -0.868651 -0.02054129 0.7141815 0.7260755 -0.2525085 -0.8884485 -1.204298 -1.024359 -0.6948447 -0.3596055 0.3450263 0.4836156
