plcurv.asc
ncols         469
nrows         365
xllcorner     198538.8800233
yllcorner     438669.69527598
cellsize      10
NODATA_value  -9999
[rows 232 to 260 of 365, columns 130 to 194 of 469]
-0.5283552 -0.9370086 -1.196718 -1.15767 -1.1043 -9999 -9999 0.1741393 -0.009537194 -9999 -9999 -9999 -9999 -9999 -9999 -9999 -9999 -9999 0.3871277 0.6223455 -0.03402309 -0.5012963 0.07971775 0.09028538 -0.2307321 -0.09653372 0.9288606 1.902899 2.029149 1.097787 -0.3719464 -1.678914 -1.588097 -0.5415227 0.2596324 0.5014911 0.8990378 1.217003 1.51737 1.515344 1.377298 0.5299419 -0.3410583 -0.5056269 0.1289045 -0.7349234 -1.015064 -1.157153 -0.9964986 -1.048698 -0.1606126 0.0081606 -0.1549912 -0.1213189 -1.030173 -0.9965859 -1.335284 -1.461196 -1.312002 -0.9504516 -0.6939619 -0.2454955 0.7462483 1.736126 0.8873804
-0.8036276 -1.422421 -1.464345 -1.450082 0.2089806 -1.251698 -1.018916 0.01293694 -0.2361108 -9999 -9999 -9999 -9999 -9999 -9999 -9999 -9999 -9999 0.1961187 0.4405656 -0.4770683 -0.8413766 -0.01087149 0.2015508 0.2351004 0.866658 1.369653 1.785863 1.344451 0.9449819 -0.7402322 -2.69225 -0.5204428 0.1840831 0.8116023 0.4166263 0.8345484 0.2675295 -0.1742809 0.4181211 0.273927 -0.6330061 -1.050361 -1.082878 -0.7728051 -0.9104794 -0.9136474 -0.3978841 -0.2189051 -0.3623648 -0.4005651 -0.5794216 -0.6853922 -0.9067247 -0.9539702 -1.045907 -0.8783731 -0.8548731 -0.794114 -0.7572182 -0.5551764 -0.5215246 0.09934743 1.380839 1.195767
-0.5491405 -0.9473149 -0.9467622 -0.2399487 0.1243625 0.4244663 0.7245888 0.490008 -0.1003845 -9999 -9999 -9999 -9999 -9999 -9999 -9999 -9999 -9999 -9999 -0.461593 -0.05308853 0.02204832 0.5040016 0.3815251 0.5884055 1.381552 0.9358565 1.088845 0.7641456 -0.03908987 -1.301891 -1.627265 -0.7780394 -0.2511553 -0.6572745 -0.5694428 -0.7322966 -0.7311894 -0.7099482 -0.446715 -0.5671834 -1.086534 -1.728276 -1.185758 -0.9891956 -0.8174618 -0.5408257 0.3266687 0.2424329 0.06082602 -0.1187717 -0.3171107 -0.534862 -0.6100519 -0.5903038 -0.4196543 -0.03748181 -0.09592564 -0.01631829 -0.1480655 -0.1223358 0.2132564 0.2831987 0.7787821 1.425885
0.9637039 -0.2726405 -0.1050842 0.1403101 0.6421592 1.16832 0.9038594 0.3021143 0.1607679 -9999 -9999 -9999 -9999 -9999 -9999 -9999 -9999 -9999 -9999 -9999 -0.5709723 0.6029534 -0.678062 -0.585862 -0.4595821 0.6146606 0.7271897 0.3299418 -0.1115353 -1.923216 -2.163888 -0.9388101 -1.063604 -1.23023 -1.191256 -1.106059 -0.9444777 -0.8854265 -0.7854525 -1.180089 -1.447551 -1.55205 -1.640197 -1.161618 -1.039215 -0.6730227 -0.1729756 0.2174783 0.4161763 0.4310783 0.2948656 0.09785684 0.04785673 0.1120783 -0.2847042 -0.2936542 -0.2729269 -0.0545223 -0.09197409 0.02987347 -0.3348073 -0.02080756 0.1903635 0.4172319 1.614665
1.960592 2.150216 0.4423996 0.5413458 1.399033 0.9946599 0.5402403 0.3367437 0.6176984 -0.7126519 -9999 -9999 -9999 -9999 -9999 -9999 -9999 -9999 -9999 -9999 -0.549684 0.6958668 -9999 -9999 -9999 -9999 -1.312243 -0.3115717 -1.812909 -1.962106 -1.06246 -0.6662572 -0.5441459 -0.3891479 -1.209907 -1.185183 -0.9924835 -0.8936238 -0.7343082 -0.4841474 -0.2122143 -0.4605984 -1.67135 -1.355438 -1.069261 -0.994644 -0.138651 0.4094106 0.6693925 0.6067364 0.521979 0.5288835 0.6953807 1.074504 1.52158 0.710193 0.486494 0.5845018 0.5469602 0.70885 0.770786 0.305025 0.575366 1.093435 1.300901
-0.3283235 -0.5868487 -0.04393743 0.981801 2.65142 1.462408 0.9850727 0.6259609 0.1214581 -0.4915225 -9999 -9999 -9999 -9999 -9999 -9999 -9999 -9999 -9999 -9999 -9999 -9999 -9999 -9999 -9999 -9999 -9999 -1.513835 -1.088725 -0.7222106 -0.4197232 -0.05780615 0.1093879 0.0436183 -0.2486951 -0.2980588 -0.923053 -0.685233 -0.5373896 -0.03245494 0.2226677 0.493227 -0.4065119 -0.9849834 -0.279256 -1.195096 -0.5743238 1.277638 0.7625075 0.3820866 0.2660747 0.5856361 0.703469 1.026342 1.336899 1.126124 0.8572521 0.6526126 0.740984 0.8882865 1.283041 1.487179 1.71577 2.007801 0.8321049
-0.8150358 -0.7928734 0.07204538 0.5316293 1.680736 2.367645 1.179334 0.667669 0.3535014 0.3288034 -9999 -9999 -9999 -9999 -9999 -9999 -9999 -9999 -9999 -9999 -9999 -9999 -9999 -9999 -9999 -9999 -9999 -0.1756064 -0.01462598 -0.0223299 -0.2436976 0.04876268 -0.02414109 0.01490392 0.1945479 -0.01363917 -0.2934295 -0.3274709 0.1329144 0.1257083 0.5859813 0.7425322 0.5150611 0.02419256 0.6647415 0.003327007 -0.06541898 0.966133 0.3235881 0.1623543 -0.4137356 -0.1249467 0.07677466 0.4281374 0.2079722 0.3039708 0.5854587 0.6293996 0.8737175 1.14453 1.735316 1.15275 1.340768 1.31785 0.6585537
-0.8372746 -0.5582864 0.1042698 0.1893926 0.5099707 1.849923 2.450434 1.005089 0.567439 0.9031839 -0.5356756 -9999 -9999 -9999 -9999 -9999 -9999 -9999 -9999 -9999 -9999 -9999 -9999 -9999 -0.0001445618 -0.1632024 -0.4732334 0.5160235 0.03269619 0.2209924 0.2757145 -0.02116788 -0.1112182 -0.2216425 -0.3178594 -0.04478326 -0.1851898 -0.3660119 -0.06633129 0.2391537 0.7753498 0.9692546 0.9425211 0.7964371 2.235914 1.60232 -0.711958 -0.5351859 -0.02847478 -0.3296924 -0.5788081 -0.5289533 -0.3885405 -0.5603049 -0.2113342 0.3604164 0.6144546 0.8506125 0.9333131 1.072364 0.7014779 0.9221819 1.211908 1.080899 0.7643737
-1.270596 -0.6065233 -0.325905 -0.3023404 -0.1876318 1.006952 2.624099 1.74184 0.8771023 0.5818506 0.3310021 -9999 -9999 -9999 -9999 -9999 -9999 -9999 -9999 -9999 -9999 -9999 -9999 -9999 -0.1175532 -0.1297268 -0.1148785 0.3689816 0.6569213 0.4389801 0.2821962 0.1640805 -0.06929704 -0.3841887 -0.2951236 -0.1738425 0.07643691 -0.3513757 -0.196879 -0.3310327 0.1305003 0.642777 0.7129921 1.650138 1.196467 0.4972597 -0.7361917 -0.8071947 -0.3677106 -0.7747704 -0.6848663 -0.6087656 -0.76211 -0.1912947 0.3525608 0.7297888 0.5024109 0.8747685 0.3715477 0.4746936 0.6868508 0.9050965 0.7841368 0.5791177 0.5649591
-3.025391 -1.323098 -0.9346188 -0.7303554 -0.4480319 0.7608688 1.756541 2.959391 1.819959 0.9915606 0.4842683 -9999 -9999 -9999 -9999 -9999 -9999 -9999 -9999 -9999 -9999 -9999 -9999 0.07093978 0.2888703 0.4605871 0.4284111 0.359423 0.5272827 0.7443863 0.9814586 0.5971704 -0.191257 -0.04697871 -0.4195134 -0.07666404 0.002735964 -0.128419 -0.2250729 -0.3089829 0.1432009 0.2891905 1.106791 0.89494 0.6474206 0.5519687 0.09645753 -0.7208673 -0.6945915 -0.7478999 -0.6950111 -0.5304774 -0.2632855 0.1151454 0.07999413 -0.07061958 0.04506739 -0.08097679 -0.08906468 0.1956455 0.8254906 0.9194053 0.5438961 0.06256906 -0.2291276
-1.332636 -2.584744 -2.423217 -0.9942864 -0.1254897 0.6215087 1.093744 1.975857 2.549087 1.718061 0.7036167 0.9305946 -9999 -9999 -9999 -9999 -9999 -9999 -9999 -9999 -9999 -9999 -9999 -0.08903521 0.1592479 0.4125785 0.5555369 0.3917908 0.3668627 0.4900215 0.8461285 1.276753 0.4720758 0.08402553 -0.0378506 -0.2160786 0.1670245 -0.236621 -0.1566059 -0.7158442 -0.2600181 0.8618641 1.268003 0.09155907 0.4536714 0.1859578 -0.0617591 -0.5326518 -0.813418 -0.5910875 -0.03713391 -0.06196977 -0.01149118 -0.1196053 -0.38161 -0.1695895 -0.3033181 -0.4631236 -0.6083289 0.2717715 1.227541 0.8171709 0.3644548 -0.3209223 -0.7810218
-0.6899494 -0.9748436 -1.857048 -2.114506 -0.6781088 0.01983392 0.7236677 1.211174 1.640503 1.959087 1.509098 0.160139 -9999 -9999 -9999 -9999 -9999 -9999 -9999 -9999 -9999 -9999 -9999 -9999 0.2341326 0.4617394 0.6957015 0.9292392 1.154505 1.208299 1.064447 1.158106 1.361959 0.5479715 0.4217758 0.4391837 0.8989606 0.5277353 0.5670192 -0.01111904 0.1941062 3.34735 0.3701783 -0.2166848 -0.4229369 -0.2431768 -0.2808716 -0.4410546 -0.7016385 -0.6586192 -0.4251396 -0.3294475 0.03828307 -0.1862145 -0.4261552 -0.5434312 -0.7331877 -0.617308 -0.380264 0.6594087 1.256606 0.491308 -0.02342352 -0.5529245 -0.8783001
0.5937947 0.1996632 -0.5128691 -1.799628 -2.928788 -0.5494334 0.8310946 0.8883235 0.6879232 1.11686 0.7920328 -0.5684222 -9999 -9999 -9999 -9999 -9999 -9999 -9999 -9999 -9999 -9999 -9999 0.2547981 0.130593 0.1935618 0.1146901 0.5870839 0.9676386 1.17627 1.340383 1.259044 1.241366 1.099113 1.035923 0.9081606 1.143166 1.394859 1.0904 1.041468 1.06517 0.6672769 -0.4210395 -0.5652642 -0.5002322 -0.8705393 -0.6737468 -0.3353436 -0.5776127 -0.9664457 -0.4481108 -0.2601316 -0.3154269 -0.4869153 -0.3605024 -0.3397997 -0.2406653 -0.0221125 0.2522378 1.161534 0.7653532 0.029903 -0.2135233 -0.9438754 -0.899335
0.8989845 0.4097538 0.07114944 -0.212498 -1.074169 -1.827676 -0.1443867 -0.06690381 0.02128517 1.500734 -0.6280131 -0.9059094 -9999 -9999 -9999 -9999 -9999 -9999 -9999 -9999 -9999 -9999 -9999 -0.1801887 0.8452902 0.09711227 -0.03612746 0.1035311 0.4023787 0.7060362 0.8321893 0.7014796 0.581087 0.6386751 0.603456 0.606759 0.6243313 0.8243382 0.7984304 0.7629266 1.833195 -0.06538767 -0.6116948 -1.373292 -1.350684 -0.9025739 -0.8636293 -0.5878665 -0.6928312 -0.1698846 -0.01268157 0.05528294 -0.08145397 -0.16581 -0.08170147 0.02591944 0.2439107 0.6351676 1.232138 0.9824815 0.4703677 0.04656553 -0.7003765 -0.887907 -0.8606936
0.5694111 0.3351197 0.2748428 0.2019318 0.1502126 -0.1747707 -1.444778 -1.715667 -0.7047488 -0.9527116 -9999 -9999 -9999 -9999 -9999 -9999 -9999 -9999 -9999 -9999 -9999 -9999 -9999 -9999 -0.2170743 -0.06353693 -0.09631753 -0.1102748 -0.1271549 -0.04143105 -0.1380449 -0.1964508 -0.03467537 0.05971923 0.05752498 0.04452767 0.03052672 0.09271759 0.0474865 -0.02892174 0.3780691 -0.2447951 -0.4830664 -0.7995328 -1.094251 -0.8841467 -0.9426438 -0.7829438 -0.5418101 -0.3269793 -0.2499535 0.1569602 0.08679315 0.07246256 0.1437087 0.2601314 0.4769813 0.4836264 0.6962867 1.177299 -0.03868625 -0.9172822 -1.532237 -1.306724 -0.9988489
1.090575 0.6715457 0.6174069 0.54826 0.6919455 0.6247149 0.1877531 -0.8590527 -1.600021 -1.029107 -9999 -9999 -9999 -9999 -9999 -9999 -9999 -9999 -9999 -9999 -9999 -9999 -9999 -9999 -0.9210609 -0.329708 -0.2017715 -0.2361964 -0.3900651 -0.5157701 -0.5524438 -0.3688462 -0.2725332 -0.2402953 -0.2421911 -0.2985646 -0.320529 -0.2248626 -0.2620265 -0.3303145 0.9713165 -0.1896147 -0.3127387 -0.6064744 -0.6776156 -0.2689868 -0.4672748 -1.062273 -0.4731408 -0.1932132 0.003218827 -0.04383289 -0.133368 0.1507095 0.3223516 0.2367369 -0.03682167 -0.49577 -0.05270182 1.257607 -0.3823558 -0.8628705 -1.31634 -1.6679 -1.955577
0.9637309 1.33259 1.095071 0.9428218 0.9330869 0.7987386 0.8747268 0.2544457 -0.5632629 -0.8867059 -9999 -9999 -9999 -9999 -9999 -9999 -9999 -9999 -9999 -9999 -9999 -9999 -9999 -9999 -1.131206 -0.679184 -0.4808162 -0.5689605 -0.4844321 -0.4781859 -0.4922421 -0.5110679 -0.2914479 -0.2931067 -0.3100339 -0.3002484 -0.3559357 0.01750869 0.4487353 0.6374994 1.044359 0.3201253 0.2940605 0.4300446 0.7948259 0.6037936 0.009415268 -0.9880852 -0.5574871 -0.09756095 0.2884626 0.1716965 0.2290083 0.506966 0.6625934 0.2955517 -0.0401904 -0.2348057 -0.1886147 0.8238895 -0.2248558 -0.4068031 -0.6918685 -1.01905 -1.412851
0.07963978 1.245624 0.9541243 1.063228 0.6504017 0.5692126 0.6380426 0.8461534 0.3782556 -0.6784713 -9999 -9999 -9999 -9999 -9999 -9999 -9999 -9999 -9999 -9999 -9999 -9999 -9999 -9999 -1.649824 -0.5399236 -0.3055361 -0.2857105 -0.4793687 -0.5747164 -0.3954926 -0.1793854 -0.1164609 -0.06650895 -0.08460481 0.263421 0.39953 0.4891136 0.892437 1.569224 2.067243 1.31685 0.9837729 1.043992 1.032984 0.5499211 -0.3077546 -0.9652244 -0.7201946 -0.5368862 -0.04005932 0.07412625 0.4752109 0.6918247 0.3772896 0.1100253 0.1658745 0.297257 0.4358166 1.457811 0.4251631 -0.03343212 -0.466519 -0.533322 -0.5972472
-2.448934 -0.6060774 0.05028957 0.3269747 -0.002796191 -0.1612599 0.1315122 0.5305317 0.4265416 -9999 -9999 -9999 -9999 -9999 -9999 -9999 -9999 -9999 -9999 -9999 -9999 -9999 -9999 0.2263058 -0.5072203 -0.2622288 -0.1694194 -0.1748375 -0.2761812 -0.3446892 -0.2426001 0.02097671 0.2893609 0.6552144 0.8454149 0.904489 0.9913862 0.9939141 1.754468 1.544168 1.490449 1.800149 1.418127 1.221848 1.235816 0.920613 0.2174602 -0.9777083 -1.05841 -0.1247076 0.1874447 0.4103949 0.5938924 0.3958105 0.234675 0.4427735 0.437304 0.636205 0.5847432 1.238451 0.7122663 0.3068129 -0.07070729 -0.1094662 -0.4869396
-1.614186 -2.581831 -3.256645 -1.992515 -1.5194 -1.316317 -0.9074907 -0.3951742 0.003710337 -9999 -9999 -9999 -9999 -9999 -9999 -9999 -9999 -9999 -9999 -9999 -9999 -9999 -0.0753753 -0.4555268 -0.1353946 -0.0802701 -0.04799141 -0.05078105 -0.1311091 -0.2177635 -0.0009186385 0.4093572 0.8026405 1.280921 1.480888 1.428641 1.189932 1.232563 1.630058 1.314002 1.016654 1.045036 1.337592 1.005789 0.6391471 0.4956934 0.1604404 -0.923452 -1.14645 -0.6018942 -0.183565 -0.3365408 -0.04197613 0.2028108 0.3946117 0.2937475 0.1930767 0.2412946 0.3432421 1.141258 0.1205094 -0.2698854 -0.393491 -0.5528424 -0.8115028
-0.4203105 -0.6138158 -0.7981504 -0.9678357 -1.404614 -1.801705 -2.025846 -1.383542 -0.6757361 -9999 -9999 -9999 -9999 -9999 -9999 -9999 -9999 -9999 -9999 -9999 -0 0.9995307 -0.713054 -0.2226873 -0.01709601 0.04287588 0.1353167 0.3077154 0.6126184 0.8800794 1.051961 1.335186 1.73601 1.946802 1.067945 0.6947932 0.5254292 1.117015 1.356169 1.203602 0.7270368 0.3174834 0.6346313 0.794255 0.7816997 0.2711375 -0.6142433 -1.00307 -0.9646422 -0.8768519 -0.3624619 -0.08222169 0.2189805 0.1591742 0.09027044 0.1838212 0.1345521 0.3941998 0.7236589 0.4648851 1.107349 0.2936608 -0.2179992 -0.3374656 -0.1273365
0.1125571 0.0258364 -0.167713 0.08980804 -0.1521007 -0.6737511 -1.319538 -1.542903 -9999 -9999 -9999 -9999 -9999 -9999 -9999 -9999 -9999 -9999 -9999 -9999 -9999 -0.6182864 -0.007026162 -0.05370841 0.024749 0.09529874 0.2858608 0.7273697 1.242635 1.605648 1.81367 1.887802 1.849944 0.9061627 0.2775834 -0.0210041 -0.3785244 0.32677 1.170351 1.563528 0.3311593 -0.6832897 -0.2375679 0.1256187 0.296765 0.6592317 -0.04901814 -0.7638392 -0.9576215 -0.6440861 -0.2412084 -0.03653672 -0.05865211 0.1934127 0.3823638 0.2338946 0.1710759 0.3747722 -0.02379015 0.06837226 0.1493548 1.254902 -0.03258508 -0.1310973 0.01332521
0.7652611 0.3685828 0.344166 0.4919019 0.4439017 -0.004774481 -0.3568115 0.825415 -0.8098608 -9999 -9999 -9999 -9999 -9999 -9999 -9999 -9999 -9999 -9999 -9999 -9999 -0.1477423 -0.2732759 -0.3094893 -0.1113612 -0.0003445333 0.1304923 0.3907951 0.901643 1.680593 1.598916 0.8884508 0.8212222 -0.03942904 -0.2596577 -0.6846128 -0.9547943 -0.04657982 0.9477147 1.7595 0.8534114 -0.5163751 -0.6139744 -0.430534 -0.1831681 -0.009554181 -0.2433099 -0.6568991 -0.8039316 -0.4986913 0.09083838 -0.1235567 0.2434005 0.492875 0.1585666 0.1436048 0.1093301 0.03298597 0.1610712 0.05943293 -0.004144262 0.05197658 1.317354 0.06262004 0.1776299
2.73947 2.029181 0.9577894 0.5648252 0.3407372 0.3298413 0.1687361 0.5605301 -0.1925204 -9999 -9999 -9999 -9999 -9999 -9999 -9999 -9999 -9999 -9999 -9999 -9999 0.1605976 -0.07950103 -0.1866318 -0.09172684 0.02329049 0.2126055 0.6307879 1.405912 1.784388 0.8363115 0.3600325 -0.05316119 -0.7536978 -0.739048 -1.169923 -0.8895256 -0.3975718 0.2728678 1.923399 0.5916496 -0.07624175 -0.6059229 -0.5525749 -0.427946 -0.3501698 -0.6881398 -0.6393316 -0.5118158 -0.5758346 -0.6706696 -0.3795153 -0.1761016 0.0748714 -0.01973402 -0.1118762 0.06116449 0.08392694 0.04833897 0.1666584 0.001403064 0.05679029 0.1465287 1.436036 0.7405613
0.06550374 1.758131 2.800559 1.713692 1.228738 0.9446928 0.6205601 0.3806116 1.277916 -9999 -9999 -9999 -9999 -9999 -9999 -9999 -9999 -9999 -9999 -9999 -9999 -0.1246467 -0.4344497 -0.2325632 -0.02255911 0.2241647 0.6590514 1.478605 2.051545 0.9900494 0.3377755 -0.1435479 -1.044497 -1.380606 -1.558538 -1.410496 -1.467218 -1.273987 -0.5975971 2.146473 -0.07677386 -0.1700403 -0.1171172 -0.4377242 -0.4334185 -0.4750971 -0.6787106 -0.8019487 -0.6557611 -0.6130846 -0.5860567 -0.4381051 0.02229141 0.01570122 0.01397972 0.1794162 0.1163137 0.1245664 0.323567 -0.1655214 0.08557104 0.1720306 0.2419964 0.5510638 1.511493
-1.709997 -0.4242241 -0.1783674 1.61356 2.679398 1.258742 0.90108 -0.9038615 -9999 -9999 -9999 -9999 -9999 -9999 -9999 -9999 -9999 -9999 -9999 -9999 -9999 -0.1292563 -0.1698173 -0.03065389 0.2324354 0.710709 1.590147 2.24154 1.086252 0.03272002 -0.116707 -1.176966 -2.181094 -1.976355 -1.542841 -1.313572 -1.088683 -0.6469393 0.03390965 2.331836 0.3917895 -0.03416325 0.08270139 0.1344547 -0.2373246 -0.3190376 -0.5296258 -0.9474044 -0.8558521 -0.4631971 -0.5014961 -0.3265725 -0.3029549 0.03259403 0.05473624 -0.01833748 0.03080468 -0.06816724 -0.1939654 -0.6687539 -0.1321479 0.4882745 0.284822 0.5961794 0.943615
-2.865476 -1.586462 -0.801518 0.6556607 2.151525 1.45041 0.9438084 0.7553494 -9999 -9999 -9999 -9999 -9999 -9999 -9999 -9999 -9999 -9999 -9999 -9999 -9999 -0.1734499 0.06582116 0.2716549 0.7188674 1.641597 2.380063 1.130707 -0.004043208 -0.4470552 -1.19049 -2.390191 -1.853003 -1.288475 -0.9426606 -0.8253707 -0.7253876 0.05505572 1.574702 2.086731 1.127228 0.5227708 0.1741191 0.1847538 0.2179312 -0.06607123 -0.2852798 -0.8750119 -0.873551 -0.2044621 -0.5988678 -0.1333059 0.1408022 0.1148608 0.06692607 -0.08541154 -0.3588302 -0.3044283 -0.4289081 -0.343252 0.2572869 0.2649527 0.5956172 0.8355535 0.6170813
-1.288148 -2.356272 -1.283191 0.2190507 1.121198 2.0851 1.545321 0.715152 -0.127399 -0.3567847 -0.2437326 -9999 -9999 -9999 -9999 -9999 -9999 -9999 -9999 -9999 -9999 -9999 0.3399982 0.7226079 1.53712 2.434823 1.226122 -0.1212845 -0.5503536 -1.188083 -2.577732 -1.638628 -0.9166301 -0.6375644 -0.4486113 -0.1964754 -0.2456746 0.1482437 2.208755 1.357584 0.5502272 0.06812768 -0.2333779 -0.01068379 -0.3152131 -0.1132592 -0.4995975 -0.8648401 -0.8613931 -0.4052174 0.04717394 0.1264113 0.1846086 0.1452212 0.3254531 -0.2767004 -0.3194441 -0.5428697 -0.6179399 -0.4552781 -0.3945777 0.4530531 0.8983833 0.5580344 0.3618793
-0.8165743 -2.363247 -2.055674 -0.1538263 0.7894821 1.319191 1.353077 1.481792 1.278899 1.21409 0.9202704 -9999 -9999 -9999 -9999 -9999 -9999 -9999 -9999 -9999 -9999 -9999 -0.1423919 -0.3601528 3.317653 1.36413 -0.03866506 -0.9903058 -1.184693 -2.46737 -1.232715 -0.5340446 -0.1413549 0.09792964 0.04014456 0.002219189 0.05425587 0.5294747 1.840855 0.563044 0.7181252 0.4405039 0.1051304 0.0787284 0.01108941 -0.259435 -0.7386397 -0.7675696 -0.8708665 -0.343553 -0.1198671 0.1021266 0.0348895 -0.08105855 -0.42746 -0.7270641 -0.949407 -0.6784816 -0.2786613 -0.2662375 -0.03389088 1.038855 0.997565 0.2513674 0.1546693
