plcurv.asc
ncols         469
nrows         365
xllcorner     198538.8800233
yllcorner     438669.69527598
cellsize      10
NODATA_value  -9999
[rows 261 to 289 of 365, columns 65 to 129 of 469]
1.034038 1.322727 1.252948 1.242352 0.8694131 -0.1423443 -0.9526776 -1.744295 -2.239673 -1.429915 -0.8630812 -0.2354731 0.6972144 0.6423841 0.7106382 0.8646393 0.8406006 0.8073128 0.4781207 0.07720295 -0.1406454 -0.1989147 -0.1857816 -0.4140142 -0.7656943 -0.8632311 -0.8930786 -0.5098359 -0.008456451 -0.4573479 -0.7470278 -0.4309186 0.2109654 0.6771598 0.9310716 0.4759435 0.1920857 0.05545336 0.07965127 0.2430176 0.04765098 -0.03491191 0.2630276 0.3689539 -0.04949452 -0.2108889 0.2059315 1.162344 2.577358 0.6771096 0.02133079 -0.3008206 -0.4490012 -0.6998273 -0.4456578 0.8742599 2.173362 1.418761 0.3759924 -0.2042843 -0.488309 -0.9379929 -1.170081 -0.7634312 -0.8497095
0.823958 1.157088 1.391449 0.8354871 0.1335817 -0.770801 -1.514144 -2.098258 -1.434116 -0.3462571 -0.1081768 0.6693094 0.702108 0.5604501 0.5161954 -0.04070451 -0.1407663 -0.4106688 -0.8027815 -0.8510244 -0.8215011 -0.6623804 -0.5137886 -0.4792834 -0.4951546 -0.4872421 -0.40143 -0.5329882 0.06746678 -0.7563903 -0.4733757 -0.1720933 0.2349888 0.27485 0.08548578 0.01111293 0.03305557 -0.03593122 -0.1141824 -0.2551325 -0.43547 -0.3236985 -0.3150937 -0.6070836 -0.6304493 -0.2939643 0.1649341 1.819546 1.283202 0.1023499 -0.3140947 -0.6201071 -0.8357567 -1.279933 -1.084127 -0.1413683 1.403427 2.399864 1.610688 0.6754267 0.2506709 -0.2746758 -1.065234 -2.173794 -2.000903
0.3014866 0.7818291 1.140047 0.577232 1.428159 -0.3787091 -1.238656 -1.32957 -0.4483485 0.171209 0.5454679 1.051865 0.6715124 0.1279714 -0.512178 -0.9505525 -0.8007338 -1.115257 -1.439226 -1.275944 -1.189443 -0.7722551 -0.6619874 -0.352733 -0.2215421 -0.1123594 -0.006218766 -0.4697786 -0.224955 0.1359237 -0.06906936 -0.1385053 -0.18627 -0.5136025 -0.5077516 -0.175946 -0.02784668 -0.03458758 -0.1050439 -0.2382365 -0.3123171 -0.295537 -0.3836896 -0.4906515 -0.3733771 -0.04399695 0.4885029 2.570035 0.2002893 -0.6364678 -0.8451884 -0.9901124 -1.061378 -1.601144 -1.425019 -0.6444403 0.544415 1.618711 1.913799 1.738233 1.530781 1.027621 0.2510754 -0.2657391 -0.4375834
0.4838583 0.7669969 0.9315555 0.9091596 0.2345491 0.400054 -0.2222849 -0.3791648 0.1731826 0.4919439 0.8606825 0.4622094 -0.2308154 -0.848579 -1.151461 -0.9002599 -0.5937744 -0.7991152 -0.904302 -0.8172174 -0.4159189 -0.1842907 0.03252362 0.1416864 0.05992968 0.07941653 0.00755991 -0.3192059 -0.4699194 -0.2938219 -0.3874263 -0.2144511 -0.2070779 -0.2610584 -0.1041059 0.08442913 0.1134019 0.0835468 0.04766686 -0.02467158 -0.08700499 -0.1106501 -0.1744697 -0.1987945 -0.097452 0.1105349 0.6802613 2.813232 0.5568885 -0.3032125 -0.8300567 -1.198875 -1.349964 -1.811725 -1.939002 -1.097249 0.04468837 0.7642606 1.148142 1.718973 1.584006 2.632026 1.858604 1.049971 0.9123207
0.7558146 0.8503367 0.940614 0.4750097 -0.1802261 -0.3439443 3.552589 0.005083037 0.6384368 0.9884267 0.7359546 0.09234962 -0.3643943 -0.6775658 -0.7311729 -0.05518601 0.1664958 0.3219389 0.3171694 0.3561269 0.409159 0.5342715 0.3745665 0.04552229 0.1606189 0.1617882 0.01938196 -0.3417492 -0.7824069 -0.3020234 0.1543647 0.145103 0.1086473 0.1884165 0.4096583 0.4162035 0.2786946 0.2558943 0.2865008 0.2405985 0.1482837 0.1330705 0.1223464 0.1216417 0.2101261 0.3621424 0.8543292 2.188354 0.04193526 -0.474957 -0.8117759 -1.0643 -1.410455 -2.053754 -2.596832 -1.73063 -0.06475044 0.5640466 0.664149 0.9907227 0.4354498 1.178244 2.353429 2.496576 1.995242
0.3948375 0.726832 0.7510027 -0.04671324 -0.6050034 -0.6083176 0.136897 1.07567 0.6384427 1.086294 0.4117489 -0.5686875 -0.5379251 -0.1114394 -0.06896908 0.7325579 0.9918427 1.352377 1.273097 1.009254 0.7251881 0.516641 0.3330534 0.457283 0.4720069 0.2475889 0.02807705 -0.4453402 -1.170808 -0.4057972 0.375807 0.2365604 0.2765428 0.4042203 0.3722213 0.1857146 0.2471176 0.3971942 0.5388867 0.4246194 0.3653558 0.4335909 0.4302337 0.4241508 0.5948251 0.8131354 0.8857633 1.855057 -0.264734 -0.7184387 -0.9727949 -1.259144 -1.574417 -2.066987 -2.968403 -2.529588 -0.4528257 0.2172752 0.2987578 0.4264278 0.01339342 0.2567133 0.7884296 1.412442 2.592059
0.7859678 0.9862289 0.3176294 -0.1790837 -0.4239963 0.015739 0.3444927 0.5663464 1.806675 1.613152 0.5995039 0.3877257 0.8084059 1.153385 1.129774 1.872378 1.982589 1.786765 1.51375 1.319466 1.202949 1.094693 0.9752249 0.7413778 0.3223926 0.1238963 -0.0589782 -0.5552632 -1.529446 -0.8744632 -0.379408 -0.1241707 0.1362016 0.1924624 0.01633671 0.3050775 0.3448893 0.4844662 0.3369361 0.1645618 0.4892972 0.7138138 0.5764441 0.6119965 0.7935024 0.6125358 0.6419602 2.276813 0.1748713 -0.346357 -0.6534538 -0.9118837 -1.157801 -1.493319 -2.122073 -2.918457 -2.152078 -0.5982289 -0.3554275 -0.1220404 -0.2245754 -0.06155548 0.2589677 0.7567468 1.519954
0.3802681 0.5175037 -0.09950825 -0.1570098 -0.1682874 0.1677108 0.6107316 0.9126902 1.382308 2.337348 2.694616 2.624935 2.716825 2.286674 2.308722 2.274454 2.044049 1.671798 1.369061 1.169692 1.050688 0.9260944 0.7484339 0.4684069 0.1442554 0.08264777 -0.07674905 -0.5530564 -1.581898 -1.207614 -0.3389707 0.3066154 0.1759621 0.1498441 0.1993768 0.3807742 0.5114756 0.6411968 0.4051109 0.45017 0.6449422 0.3699472 0.2134802 0.4544905 0.3626356 0.3224532 0.9635114 2.42821 0.993163 -0.009066041 -0.4227038 -0.6567351 -0.8303025 -1.090767 -1.484399 -1.950198 -3.204355 -2.704196 -1.927631 -0.846513 -0.5839424 -0.2648653 -0.02133396 0.2726536 0.6532095
0.1922245 0.1455164 0.02470496 -0.174669 -0.0634182 0.673803 0.6920843 1.207706 1.163516 0.9730939 0.7706159 1.506595 1.928905 1.84454 1.554829 1.666664 1.742878 1.643513 1.373459 1.081583 0.9007848 0.7668467 0.6300452 0.5489789 0.6615558 0.7214534 0.3836102 0.1093781 -0.1837428 -0.2255245 0.03175754 0.06927714 0.07413471 -0.008191627 0.04268222 -0.07827957 0.2396345 0.2376976 0.2697194 0.4315064 0.2167381 -0.01114163 0.06690792 -0.1700402 -0.4782835 -0.3265203 -0.3973059 1.711516 0.2296934 -0.3898418 -0.53132 -0.6415373 -0.7088003 -0.8100414 -0.6903591 -0.2498745 -0.6093826 -1.668949 -2.506561 -2.156287 -1.59508 -0.6721716 -0.3530238 -0.04290864 0.2358318
0.3576081 0.5646548 0.04611635 0.1012588 0.2654645 0.7543641 0.5596595 1.147842 0.9340062 0.587929 0.427312 0.8604525 1.373686 1.340625 0.5819899 0.3675232 0.4453887 1.15255 1.413115 1.213361 0.9938233 0.8546551 0.6904235 0.5629649 0.6203433 0.7353742 0.5653027 0.4264275 0.3083681 0.1963539 0.1259506 -0.02745205 -0.166662 -0.2881424 -0.05616601 0.05443737 0.2236538 0.1655414 -0.01761191 -0.1541585 -0.1066743 -0.09373228 -0.435736 -0.7287304 -0.6624495 -0.7157358 -0.8945465 -0.5088754 -0.8384933 -0.5337264 -0.3728808 -0.4858692 -0.6936936 -0.7417774 -0.3339248 0.04847323 0.09998496 -0.2406582 -0.8317748 -1.475293 -1.862575 -1.72306 -1.13936 -0.3287223 0.1030938
0.6113367 0.5288644 0.1939483 0.2092434 0.4512292 0.5509576 0.437987 1.058792 0.7632642 0.3968737 0.2381851 0.4629111 1.032481 1.70442 0.8705069 -0.270464 -0.8174452 -0.5147645 0.4160286 0.8968379 0.8339615 0.8076547 0.6930265 0.3993594 0.1254038 0.01570403 -0.09929553 -0.33974 -0.3085183 -0.4027641 -0.3096139 -0.04536158 -0.003621602 0.1725974 -0.003896086 -0.06240126 -0.2961776 -0.2472619 -0.1476777 -0.08855444 -0.3746396 -0.7344829 -0.7391378 -0.4816365 -0.3375666 -0.4228337 -0.5084478 0.02720138 -0.0674291 -0.4977936 -0.3756521 -0.3337163 -0.4461862 -0.2586317 0.1033964 0.3935895 0.6861144 0.3330313 -0.2153811 -0.5682203 -0.8640959 -1.574697 -2.415527 -0.7405085 0.005865263
0.7839285 0.5776567 0.1197674 0.3185998 0.4416987 0.2527684 0.5842633 0.9097548 0.5939484 0.2517302 0.03259438 0.08957384 0.5163049 1.384888 2.00966 0.3760411 -0.914897 -1.542176 -1.520415 -0.8327784 -0.6863687 -0.5109084 -0.1332671 -0.002489251 -0.3121769 -0.5458081 -0.4754575 -0.4380267 -0.3294798 -0.04781887 0.4129411 0.2063085 0.0369034 -0.1593532 -0.3455271 -0.08594305 0.05306119 0.2441229 0.1841986 -0.1833061 -0.4060447 -0.2682016 -0.05806286 0.1036609 0.1366148 0.06230102 0.0477868 1.1499 1.38322 -0.2771271 -0.4010558 -0.3739701 -0.2868599 -0.02023045 0.4446806 0.7578012 0.5540783 0.1606061 -0.2293635 -0.2190213 -0.2088735 -0.0782539 -0.7623471 -1.142115 -1.42438
0.4242823 0.1558485 0.2275806 0.4530621 0.1384998 0.1724983 0.6763923 0.727123 0.4765064 0.1621848 -0.2031023 -0.3301038 -0.0197509 0.5612208 1.898429 1.489822 -0.5510944 -1.446882 -1.778459 -1.548798 -1.235304 -1.102139 -1.045334 -0.8476461 -0.6724144 -0.6656612 -0.6521427 -0.6329958 -0.1712334 -0.6072817 0.08208854 0.01561786 -0.02290357 -0.03544708 0.1271778 0.1807089 0.1258072 -0.1780199 -0.1800746 -0.1618702 0.002745159 0.2049351 0.3764488 0.5027832 0.5431061 0.5538588 0.7281535 1.723992 2.637905 0.5895861 -0.03716675 -0.1412833 0.1799168 0.5588995 0.6259121 0.3953314 0.106679 -0.08358483 -0.0440505 0.06319302 -0.03283966 -0.03307386 -0.1606512 -0.03690144 -0.451775
0.05694162 -0.1443652 0.4552128 0.2968173 -0.04746789 0.1176339 0.5729802 0.6544787 0.4760045 0.1840363 -0.4577036 -0.9014555 -0.6192499 -0.4391647 0.8589209 2.099229 -0.6401413 -1.079615 -0.5389873 -0.6343681 -0.9942462 -1.300913 -1.475119 -1.216117 -0.9038672 -0.7705995 -0.4641751 0.01663182 0.540436 -0.258357 -0.5569217 -0.2193861 -0.1368925 0.1367774 0.5657454 0.2941837 0.1606602 0.05460797 -0.04021738 -0.1318875 -0.1363089 -0.1543499 0.03228255 0.3940793 0.701598 0.819708 1.273488 2.134493 3.605587 1.617097 0.837267 0.5418832 0.3863902 0.2206358 0.0176518 -0.2225956 -0.4144434 -0.5117716 -0.3767632 -0.4377722 -0.3247073 -0.3027935 0.05524447 0.4776656 0.5787901
-0.1921571 -0.2314741 0.2783039 0.07321572 -0.0584712 0.004704433 0.4039552 0.6540684 0.4705788 0.1838863 -0.4642959 -1.441381 -1.177735 -0.9919797 -0.3330369 0.9772736 0.3364893 0.5340219 0.4340312 -0.2417218 -0.8984994 -1.139563 -0.7505934 -0.5647503 -0.7321702 -0.6955555 -0.1752081 0.1946423 0.1056709 -0.3265955 -0.8485971 -0.4961019 -0.2355905 -0.2077949 0.1417957 0.2311539 0.03470103 -0.06380349 -0.2575855 -0.1161761 0.0008535739 0.163679 0.3471261 0.453301 0.5060003 0.7376999 1.18966 1.669986 3.121183 1.887771 0.6031636 0.1277792 -0.1679706 -0.347356 -0.3921147 -0.3345134 -0.4247833 -0.6277272 -0.5450502 -0.5895257 -0.2579585 0.04828154 0.5300279 0.4664934 0.1200879
-0.5890948 -0.5822974 -0.1182569 -0.2491072 0.06913966 0.2264066 0.3670437 0.5181609 0.3525469 0.05738355 -0.5218525 -1.331017 -1.342369 -0.7459878 0.333154 0.5549052 2.282891 1.601351 0.8075243 -0.2138616 -0.7694408 -0.8855446 -0.432241 -0.300256 -0.1022681 0.2462191 0.2448087 0.2111235 -0.04141697 -0.4147249 -0.9896384 -0.7191595 -0.200829 0.2479393 0.1659874 0.007501021 -0.0942677 -0.1042408 0.04317824 0.1238422 0.2439921 0.5583501 0.6956868 0.7362131 0.7490791 0.7637216 0.5022538 0.6830743 1.576071 2.402017 0.1230026 -0.4052788 -0.4659746 -0.1163906 0.113245 0.04416455 -0.1354626 -0.2641889 -0.396088 -0.3056292 -0.1597995 0.1191083 0.1154142 0.09033062 -0.07665434
-1.529236 -1.259041 -0.5952657 -0.4119547 0.4283825 0.3711886 0.2221445 0.3642749 0.2778983 -0.01107472 -0.5426536 -1.198756 -1.053208 0.1245246 0.6126118 0.8671977 1.692976 3.174386 2.20047 0.7082002 -0.6671894 -0.6048168 0.1465769 0.350307 0.2603803 0.08017315 -0.04998055 0.04112681 -0.1724986 -0.5109674 -1.118647 -0.8747947 -0.261683 -0.03132942 -0.03387589 -0.1593688 -0.2400701 -0.2736654 -0.04652624 -0.0589861 0.1566573 0.2493995 0.2505588 0.2646365 0.3225369 0.3091833 0.1994502 0.1752148 0.3277305 2.311345 0.4372059 0.2312091 0.3035459 0.11879 -0.1627525 -0.4254224 -0.6556357 -0.579687 -0.4510962 -0.2587663 0.08939844 0.2340212 0.008708741 0.04848225 -0.08294505
-2.48508 -3.182361 -0.8893862 0.006487626 0.4355214 0.1622975 -0.1034862 0.3398468 0.3380563 0.03066424 -0.4460601 -0.8057018 -0.3792599 0.2556341 0.6035666 1.172574 1.292473 1.396209 1.833037 2.583337 -0.4074421 0.2629782 0.732774 0.4894313 0.09800205 -0.0394928 0.1701605 0.194225 -0.2362958 -0.6106992 -1.127634 -0.8458002 -0.1678199 -0.01234262 -0.1230329 -0.2842655 -0.01595393 0.2708858 0.1656222 0.1811007 0.03022745 -0.1913032 -0.1728996 -0.0786119 0.127326 -0.001623366 -0.05605781 0.02284595 0.1311127 0.9904377 2.214689 1.174319 0.4079057 -0.3458841 -0.6727652 -0.6870878 -0.3826245 -0.1449392 -0.0124997 0.194524 0.3283161 0.4603917 0.7473246 0.4528303 0.0500885
-0.5213984 -0.9344857 -2.603773 -0.2029869 -0.1588355 -0.0430502 -0.1301249 0.4538136 0.4077338 0.1271017 -0.2413641 -0.6043919 -0.5309755 0.09491776 0.4455039 0.985973 0.8518782 0.416291 -0.1673075 -1.031888 -0.2829435 2.66875 1.136536 0.4755383 0.3216616 0.2827258 0.2032644 -0.0879621 -0.3622507 -0.3629442 -0.1312013 -0.1825335 0.3034574 0.1710091 0.1152176 0.3496943 0.1810467 0.07933722 -0.03180387 -0.09852383 -0.189437 -0.001793904 0.09597 0.1316287 0.09572559 -0.1452883 -0.2957341 0.0009728377 0.5745407 1.61195 2.187624 2.244096 1.315762 -0.1926904 -0.2724021 -0.2572012 -0.2185526 -0.2055515 -0.04946294 0.1074065 0.1014827 0.3396651 0.2768674 0.009585666 -0.1727676
0.492462 0.8347397 0.07149906 -2.162147 -1.233828 -0.1554583 -0.2376181 0.3559751 0.4175682 0.1689194 -0.1120309 -0.458598 -0.4629621 0.03665086 0.1657148 0.5546766 0.4747904 -0.1652096 -0.7504275 -0.5572303 0.1753953 1.277918 1.430505 0.3772095 0.3725545 0.1474021 -0.1220343 -0.3147619 -0.3676984 -0.1090463 0.06389668 -1.307069 0.04822369 -0.341472 -0.03916096 0.02509447 0.00943116 -0.1112675 -0.1788474 -0.2866529 0.04069826 -0.07122931 -0.2561342 -0.2468673 -0.2793807 -0.3453298 -0.2286573 0.1231791 0.7512106 1.581377 1.021834 0.491163 2.04139 -0.1382383 -0.3565634 -0.1701916 0.004299015 0.0656364 0.05908217 0.1391144 0.2484836 0.1449687 -0.2355668 -0.5562335 -0.6600948
1.03916 0.5922453 -0.07978925 -1.138995 -2.776796 -0.8445608 -0.4566061 0.7009938 0.4153399 0.05755722 -0.02996038 -0.3522941 -0.5499709 0.01674484 0.09745374 0.3435369 0.09632497 -0.4523655 -0.3426462 -0.2248166 -0.2500315 0.1879503 1.929697 2.213797 0.5686317 0.02053213 0.0014875 -0.001262493 0.2043734 0.3628326 0.07654081 -1.44826 -0.8496713 -0.6416344 -0.2228625 -0.1826853 -0.2262131 -0.26419 -0.06524707 0.08980498 -0.03663085 -0.1805079 -0.06299204 -0.1318742 -0.4790088 -0.7796902 -0.646178 -0.03291054 1.181818 1.135118 0.2930482 -0.654152 -1.80983 -0.1877544 -0.3436038 -0.05984196 0.03252172 -0.003840626 0.1469915 0.3143396 0.1651887 -0.1614311 -0.4617498 -0.65457 -0.7037914
0.4479494 0.1797018 0.1242204 0.02396161 -0.7521358 -1.876011 -0.4731181 0.2649732 -0.01968626 -0.3330332 -0.05880751 -0.3264432 -0.2870148 0.144455 -0.1199753 0.2361843 0.01119501 -0.1304148 -0.07129841 -0.3819128 -0.2032509 -0.1016124 0.1110643 2.894471 -0.2652478 -0.2855863 0.0284213 0.1726291 0.2985389 0.1640901 -0.1782676 -1.20632 -1.465767 -0.8442658 -0.4448096 -0.2465045 -0.1186806 0.2397603 0.08112537 -0.03464134 -0.2012607 0.01573897 -0.2072857 -0.5404546 -0.5600533 -0.3535689 -0.04517024 0.5364516 1.231592 0.6895778 -0.3125722 -1.316309 -1.183548 -0.6684861 2.005526 0.5715121 0.7200103 0.4909272 0.3630568 0.4572358 0.2936334 0.2049335 0.1035534 0.02379566 0.02349026
-0.04968959 -0.08703372 0.02280861 -0.08681077 -0.3604781 -1.066576 -1.538104 -0.6159963 -0.4422772 -0.2854358 0.06089289 -0.3439136 -0.05225946 -0.003078904 0.05828161 0.4021072 -0.04850869 0.08375268 -0.08154631 -0.375244 -0.522752 -0.8457947 -0.3091014 0.4003478 0.09673402 0.1742367 0.3268491 0.4965086 0.3616663 -0.05765617 -0.5441695 -1.300712 -1.755139 -0.9651501 -0.4212918 -0.2909157 -0.2863236 -0.009154649 0.02533248 -0.0694107 0.02467742 -0.1356376 -0.2915484 -0.1005919 0.1370717 0.4329182 0.7682121 1.295252 1.224554 0.2521148 -0.7977517 -1.578234 -0.6542258 -0.245682 1.633787 1.470419 1.012056 0.535496 0.6843908 0.8370755 0.7314601 0.4674575 0.2111056 0.08054575 0.01204127
0.554208 0.2296894 0.01002854 -0.3101727 -0.5361509 -0.5546156 -1.314791 -1.824345 -0.6850048 0.01935589 -0.02868745 -0.1617689 0.1949388 -0.119543 0.3274734 0.3503963 0.01487913 0.2504973 -0.2830412 -0.6948214 -0.9436685 -0.38006 -0.1876057 -0.07230219 1.819864 0.2522958 0.474833 0.7104218 0.4995533 0.0684192 -0.380245 -0.5541233 -0.212156 0.04701028 0.1068761 0.06969604 0.2317472 0.05523962 -0.1425586 -0.3517198 -0.2628427 -0.3146169 0.09445125 0.3942094 0.4516888 0.283907 0.2180872 0.7669502 0.8658026 -0.09481779 -0.8187365 -0.5040187 0.1436713 0.7058256 1.862657 2.839023 1.410103 1.220366 1.216262 1.126183 1.00671 0.9388834 0.9227777 0.8055304 0.619357
0.4814119 0.1953225 -0.1500412 -0.4121145 -0.1498763 0.1014596 -0.1979794 -0.5408481 -1.422514 0.1870319 -0.2952678 -0.124268 0.008448685 0.1373928 0.6573117 0.3166706 -0.04023442 -0.1978083 -0.7435046 -0.6953215 -0.3761507 -0.1043952 -0.1509571 -0.123954 0.1913945 0.9227747 1.125711 0.9516837 0.6471659 0.3914352 0.2190311 0.3969074 0.2652533 -1.656388 -0.04957535 0.04997277 -0.03934389 -0.1370547 -0.1061582 -0.05818298 -0.1294956 -0.05614138 0.01925427 -0.1466482 -0.09330674 0.05837173 0.4960025 1.208646 0.7632118 -0.3228343 -0.5492973 -0.2977779 0.2168074 0.953962 1.677031 2.519988 1.557204 1.499395 1.536614 1.495137 1.483322 1.534014 1.317811 1.063691 0.7441051
0.1058515 -0.3552384 -0.5230527 -0.2494266 0.09053544 -0.07784019 -0.1215493 -0.2173344 -1.181891 -0.9554358 -0.7741261 -0.1297084 -0.1096991 0.3989892 0.6504033 0.3096068 -0.1066094 -0.410025 -0.7233358 -0.5606095 -0.3027455 -0.1650949 -0.3636261 0.1571837 1.275036 2.874051 1.927583 1.152033 0.7093519 0.5236524 0.5685098 0.6720489 0.1876181 -2.463924 -0.4643387 -0.2203279 -0.04519675 0.1498913 -0.5841435 -0.3348706 -0.295128 0.1367846 0.003206354 -0.01810291 0.1316497 0.2636876 0.6301818 0.7012823 0.6127924 -0.1742456 -0.3903306 -0.4608655 0.3389882 0.5437443 1.486125 1.907822 1.621063 1.247151 1.545816 1.630882 1.580914 1.552735 1.578579 1.426283 1.143321
-0.721505 -0.8615193 -0.3682916 -0.1319382 -0.2886482 -0.4295587 -0.2666974 -0.4250058 -0.8388526 -1.64264 -1.609946 -0.7058601 0.03879452 0.8982654 0.6795233 0.2893802 -0.1944486 -0.5078962 -0.8252965 -0.7671397 -0.2127523 -0.3088557 0.1426463 0.8052886 1.458354 2.526396 2.140666 1.20817 0.6322185 0.4128933 0.354196 0.1840102 -0.4803052 -2.604772 -1.754283 -0.3393667 -0.2887433 -0.3328563 -0.1663951 -0.06881867 -0.0586402 -0.1731824 -0.4414766 -0.4540152 -0.711493 -0.6735099 -0.2159751 0.5682507 0.7704774 -0.1636236 -0.8012102 -0.4419584 -0.03828723 0.5614164 1.18237 1.84799 1.04164 0.5514312 0.576385 0.6900324 1.184263 1.301324 1.511212 1.723152 1.751167
-0.5945605 -0.09810937 -0.1122629 -0.2730395 -0.1752911 0.03679982 -0.1453239 -0.4983326 -0.5006126 -0.6861794 -1.019868 -0.7274062 0.3399669 0.7984629 0.5398765 0.3288202 -0.3815919 -0.6454782 -0.914325 -0.5238218 -0.3268057 -0.1653267 0.1893627 0.7600827 1.522894 2.003938 2.659289 1.580585 0.7056366 0.3901967 0.2596098 0.08148547 -0.2475023 -0.8045511 -1.353674 -0.4023829 -0.19958 -0.04306916 0.2511052 0.1789303 0.2100724 -0.1037368 -0.2991298 -0.4282836 -0.5681149 -0.4310487 0.1711205 0.8680547 0.7444564 -0.08341105 -0.6975755 -0.3968447 0.2882589 0.6644263 1.234107 1.825649 0.9193086 0.3300003 -0.03890547 -0.1967134 0.1923385 0.1088502 0.09954135 0.6518306 1.2049
-0.2228415 -0.1682139 -0.264624 -0.04785885 -0.02580358 -0.1709207 -0.3166865 -0.1837153 -0.1629965 -0.3485113 -0.4823174 -1.452712 0.7247622 -0.3183037 0.04168036 0.3353067 -0.3498453 -0.6285539 -0.683055 -0.3562066 -0.5139331 -0.07103241 0.2955055 0.6514846 1.268421 1.431241 1.993251 2.318085 1.205672 0.6660525 0.4538846 0.2963005 0.108086 -0.06054497 -2.063111 -0.2643269 0.2640972 0.001920855 -0.1414962 -0.3507306 -0.2933353 -0.3914172 -0.1397735 -0.1114052 -0.09938191 0.227027 1.263181 1.073193 0.7004416 -0.05326413 -1.055155 -0.3805754 0.05285288 0.8166788 1.252279 1.488379 0.989865 0.1005833 -0.3220751 -0.5681614 -0.5086879 -0.3333451 -0.6443539 -0.7505599 -0.1322557
