prcurv.asc
ncols         469
nrows         365
xllcorner     198538.8800233
yllcorner     438669.69527598
cellsize      10
NODATA_value  -9999
[rows 29 to 57 of 365, columns 260 to 324 of 469]
-9999 -9999 -9999 -9999 -9999 -9999 -9999 -9999 -9999 -9999 -9999 -9999 -9999 -9999 -9999 -9999 4.234029 0.6105599 0.673124 -0.5330144 -0.462878 -0.2057291 0.1615012 0.1600979 0.2985187 0.3342872 0.5574847 0.007316185 -0.06276454 0.01860562 -0.02694884 0.1148603 -0.2347202 -0.7748932 -0.9466198 -0.6276446 -0.3505308 -0.3521767 -0.4046242 -0.1889985 0.04526787 0.4126199 0.4274399 0.7274117 0.475102 -0.1504124 -1.819247 -1.273548 0.05267596 2.726226 -9999 -9999 -9999 -9999 -9999 -9999 -9999 -9999 -9999 -9999 -9999 -9999 -9999 -9999 -9999
-9999 -9999 -9999 -9999 -9999 -9999 -9999 -9999 -9999 -9999 -9999 -9999 -9999 -9999 -9999 3.152227 0.8808301 -0.2968292 0.02509802 -0.2149719 -0.4765199 -0.07947189 -1.156228 -1.625045 -1.332055 -0.9816866 -0.5244023 -0.6200743 0.5284339 0.6304142 0.2787907 0.1040082 -0.2147843 -0.8161326 -1.369777 -1.383575 -0.7216881 -0.4244806 -0.2865686 -0.02531545 -0.3139381 -0.05355814 0.03428121 -0.02941612 -0.4879584 -3.162224 -2.055494 -9999 -9999 -9999 -9999 -9999 -9999 -9999 -9999 -9999 -9999 -9999 -9999 -9999 -9999 -9999 -9999 -9999 -9999
-9999 -9999 -9999 -9999 -9999 -9999 -9999 -9999 -9999 -9999 -9999 -9999 -9999 -9999 -9999 1.676779 0.6665344 0.08045891 0.2865758 -0.04687476 -0.7259111 -0.4509324 -1.308249 -0.02459092 -0.3209229 -0.6079111 -0.6919001 -0.07326257 1.395573 1.074231 0.4860707 0.09480347 -0.3941798 -1.296285 -1.512479 -2.06491 -1.209364 -0.6665112 -0.1409698 0.1246244 -0.2171864 -0.3032667 0.03584847 -0.7717089 -1.574084 -9999 -9999 -9999 -9999 -9999 -9999 -9999 -9999 -9999 -9999 -9999 -9999 -9999 -9999 -9999 -9999 -9999 -9999 -9999 -9999
-9999 -9999 -9999 -9999 -9999 -9999 -9999 -9999 -9999 -9999 -9999 -9999 -9999 -9999 -9999 0.8674437 0.90475 0.9793737 0.4690351 -0.0433666 -0.7628307 -0.7274052 -1.070098 0.2680883 0.1400417 -0.1624699 -0.2928994 0.5426658 1.986467 1.142404 0.4874298 0.103633 -0.4257041 -1.688911 -1.266782 -0.9271511 -1.555279 -0.987028 0.02051972 0.5810169 0.1341461 -0.4068364 0.02324485 -9999 -9999 -9999 -9999 -9999 -9999 -9999 -9999 -9999 -9999 -9999 -9999 -9999 -9999 -9999 -9999 -9999 -9999 -9999 -9999 -9999 -9999
-9999 -9999 -9999 -9999 -9999 -9999 -9999 -9999 -9999 -9999 -9999 -9999 -9999 -9999 1.56599 0.3014783 0.6089575 1.847732 0.4999405 0.2930366 -0.1056548 -0.6824793 -0.6661034 0.2646796 -1.068818 -0.1642726 0.4688208 1.320994 2.098704 1.034916 0.256582 -0.02266159 -0.2885429 -1.447082 -1.540491 -0.386243 -1.695531 -1.406886 -0.38374 0.4228464 0.4010539 1.127684 -9999 -9999 -9999 -9999 -9999 -9999 -9999 -9999 -9999 -9999 -9999 -9999 -9999 -9999 -9999 -9999 -9999 -9999 -9999 -9999 -9999 -9999 -9999
-9999 -9999 -9999 -9999 -9999 -9999 -9999 -9999 -9999 -9999 -9999 -9999 -9999 1.898137 0.648329 0.8891481 0.9248027 1.305744 0.5284589 0.8079516 0.180522 -0.5810554 -0.3366893 0.1716943 -1.097233 0.913003 1.874357 2.204072 1.636105 0.5442374 -0.2557891 -0.3104811 -0.2329753 -1.139865 -1.243469 -1.528912 -2.786724 -1.707214 -0.7087818 0.101414 0.3032792 4.638121 -9999 -9999 -9999 -9999 -9999 -9999 -9999 -9999 -9999 -9999 -9999 -9999 -9999 -9999 -9999 -9999 -9999 -9999 -9999 -9999 -9999 -9999 -9999
-9999 -9999 -9999 -9999 -9999 -9999 -9999 -9999 -9999 -9999 -9999 -9999 -9999 1.725922 0.9644035 0.8426321 0.7443911 0.0002754088 0.5311714 1.606744 0.4047876 -0.5071443 -0.1279328 0.358244 -0.4139194 0.2129913 0.8743387 0.8958069 0.3416314 -0.1586628 -0.4176626 -0.429763 -0.4805424 -1.093047 -0.9053904 -1.729028 -2.055206 -1.644214 -1.130365 -0.298283 0.0393407 0.0932269 3.956019 -9999 -9999 -9999 -9999 -9999 -9999 -9999 -9999 -9999 -9999 -9999 -9999 -9999 -9999 -9999 -9999 -9999 -9999 -9999 -9999 -9999 -9999
-9999 -9999 -9999 -9999 -9999 -9999 -9999 -9999 -9999 -9999 -9999 -9999 -9999 1.29799 0.4674073 0.4453797 0.410153 0.4464311 0.05158428 2.038165 0.6977157 -0.3220818 0.01501885 0.5147108 -0.01019924 -0.0391464 0.3440486 0.1916558 -0.4831558 -0.5865555 -0.6197117 -0.3576824 -0.6339822 -1.176763 -1.127798 -1.313377 -1.270571 -1.372933 -1.294573 -0.5798765 -0.1779338 -0.08149989 -0.05297876 5.131508 -9999 -9999 -9999 -9999 -9999 -9999 -9999 -9999 -9999 -9999 -9999 -9999 -9999 -9999 -9999 -9999 -9999 -9999 -9999 -9999 -9999
-9999 -9999 -9999 -9999 -9999 -9999 -9999 -9999 -9999 -9999 -9999 -9999 4.564423 1.393828 -0.2391014 -0.1881079 0.3523185 1.035344 1.552998 1.386335 0.9352255 0.05234975 0.1599834 0.5165461 0.05695035 -0.2776779 -0.12321 -0.2123665 -0.8864118 -0.6601595 -0.8100858 -0.6605954 -0.8381855 -1.003681 -1.277849 -0.5782647 -1.288725 -1.214717 -1.2442 -0.6159258 -0.1788542 -0.1071043 5.46063 -9999 -9999 -9999 -9999 -9999 -9999 -9999 -9999 -9999 -9999 -9999 -9999 -9999 -9999 -9999 -9999 -9999 -9999 -9999 -9999 -9999 -9999
-9999 -9999 -9999 -9999 -9999 -9999 -9999 -9999 -9999 -9999 -9999 -9999 1.840861 -0.1791616 0.0394212 0.2629631 0.3450719 0.4375419 0.37072 0.1072534 1.182948 0.5501316 0.1769985 0.0937464 -0.3055486 -0.7660803 -0.3539595 -0.05365515 -0.5497915 -0.1246149 -0.1536639 -1.044324 -0.9749098 -1.114882 -1.338292 -1.236821 -1.252918 -1.105607 -0.9658487 -0.5034367 0.09970511 0.018343 4.796321 -9999 -9999 -9999 -9999 -9999 -9999 -9999 -9999 -9999 -9999 -9999 -9999 -9999 -9999 -9999 -9999 -9999 -9999 -9999 -9999 -9999 -9999
-9999 -9999 -9999 -9999 -9999 -9999 -9999 -9999 -9999 -9999 -9999 -9999 2.60956 -0.4524589 -0.2040328 -0.03314092 -0.2269716 -0.1224209 0.3898371 0.615052 1.162312 0.5737668 -0.09986372 -0.1921451 -0.3796558 -0.7990631 -0.2672376 0.2355403 -0.3807893 0.01968741 0.1023444 -1.113085 -0.7977492 -1.015301 -0.8618407 -1.256546 -1.072077 -1.148923 -0.6922234 -0.02559686 0.6674928 0.1525828 4.027602 -9999 -9999 -9999 -9999 -9999 -9999 -9999 -9999 -9999 -9999 -9999 -9999 -9999 -9999 -9999 -9999 -9999 -9999 -9999 -9999 -9999 -9999
-9999 -9999 -9999 -9999 -9999 -9999 -9999 -9999 -9999 -9999 -9999 4.365508 1.921777 -0.4855635 -0.7573325 -0.58623 -0.3464741 -0.04616458 0.08251917 -0.2022364 -0.01463544 0.08154466 -0.4767637 -0.1508281 -0.133491 -0.6936404 -0.2046437 0.3688997 -0.1513513 0.1617765 0.009100949 -1.278224 -0.9509322 -1.019942 -1.455718 -1.07764 -0.7961577 -0.7797667 -0.5913757 0.2140656 0.874763 0.2933827 -0.09467603 0.1771495 4.148209 -9999 -9999 -9999 -9999 -9999 -9999 -9999 -9999 1.491081 -9999 -9999 -9999 -9999 -9999 -9999 -9999 -9999 -9999 -9999 -9999
-9999 -9999 -9999 -9999 -9999 -9999 -9999 -9999 -9999 -9999 -9999 3.928526 0.1752824 -0.9197187 -0.5000229 0.07353583 0.06018922 0.09328966 0.2012967 0.0388746 -0.3764964 0.277209 -0.2222407 -0.03023059 0.08079881 -0.6269205 -0.236312 0.2794729 0.191248 0.5121877 -0.1309322 -1.244488 -0.8776545 -0.7880109 -1.578486 -0.5730016 -0.7169267 -0.6817132 -0.532046 0.4856507 0.9639889 0.4390447 -0.1082614 -0.3828449 0.2133 3.203508 -9999 -9999 -9999 -9999 -9999 -9999 1.243849 -1.435102 -9999 -9999 -9999 -9999 -9999 -9999 -9999 -9999 -9999 -9999 -9999
-9999 -9999 -9999 -9999 -9999 -9999 -9999 -9999 -9999 -9999 -9999 4.534636 -0.226745 -0.809611 -0.6488559 -0.04539555 -0.3128281 -0.244196 0.4559751 0.656005 0.4077387 0.3248298 0.1452241 -0.05539927 0.1428944 -0.5417188 -0.3100739 0.1405997 0.3614594 0.5258314 -0.27973 -1.04634 -0.69713 0.07434525 -0.7274063 -0.8403146 -0.7031093 -0.5908469 0.05152698 1.04465 0.8385307 0.4599451 -0.0474107 -0.1602692 -0.6137816 2.939402 -9999 -9999 -9999 -9999 1.711794 1.41519 0.3422595 -9999 -9999 -9999 -9999 -9999 -9999 -9999 -9999 -9999 -9999 -9999 -9999
-9999 -9999 -9999 -9999 -9999 -9999 -9999 -9999 -9999 -9999 5.061681 2.252501 -0.2486216 -0.4886022 0.0830732 0.5356202 0.3114528 0.1264435 0.1441566 0.1400197 0.009339906 -0.3129583 0.6314023 -0.1515425 0.1088814 -0.248051 -0.3391596 0.1453473 0.32229 0.5706587 -0.4870268 -1.162952 -1.180011 0.3321388 -0.9588158 -0.8477682 -0.575275 -0.2412408 0.2822717 0.9291516 0.6067395 0.2599213 -0.1958813 0.08655456 -0.4225405 -1.395092 4.045031 -9999 -9999 2.300248 1.680503 0.8033627 0.4281317 -9999 2.322952 -9999 -9999 -9999 -9999 -9999 -9999 -9999 -9999 -9999 -9999
-9999 -9999 -9999 -9999 -9999 -9999 -9999 -9999 -9999 -9999 4.39181 0.8402698 -0.04350828 -0.1318857 0.1567624 0.7361912 0.7198043 0.444747 0.2858811 0.4841119 0.8003243 0.96233 0.7614914 -0.02316917 0.1517039 0.1222824 -0.4513498 0.2291066 0.5248101 0.6172501 -0.5502529 -1.415661 -1.653558 -1.375378 -1.261067 -0.9044665 -0.6092252 0.1247843 0.8115159 0.7065839 0.3960151 0.06141636 0.06437694 0.3293805 -0.07042082 -1.24813 0.8868511 1.565989 1.67999 0.9910946 0.5861777 -0.3932868 -3.189411 0.1241608 -1.983797 -0.2995911 -9999 -9999 -9999 -9999 -9999 -9999 -9999 -9999 -9999
-9999 -9999 -9999 -9999 -9999 -9999 -9999 -9999 -9999 4.939175 2.809659 0.6301657 -0.1153517 -0.6048244 -0.3593835 0.04874111 0.1233549 0.08516378 0.1687993 0.2118419 0.4396575 0.3301498 0.1624882 0.1374326 0.3496073 0.3340062 -0.1876649 0.355447 0.7772931 0.2449883 -0.5522541 -0.6761175 1.258974 -1.398383 -1.260645 -0.8010213 -0.01209886 0.4900237 0.6944765 0.5733039 0.341965 0.2075886 0.4773468 0.842142 -0.1784095 -0.7770805 0.3715791 0.01101404 0.3426734 0.3404138 -0.877676 -3.54048 -9999 -9999 -9999 -9999 -9999 -9999 -9999 -9999 -9999 -9999 -9999 -9999 4.469957
-9999 -9999 -9999 -9999 -9999 -9999 -9999 -9999 -9999 4.943397 1.234229 0.2961133 -0.510033 -1.147005 -0.9127153 -0.5740772 -0.4596499 -0.398834 -0.1425887 0.1034996 0.1914836 0.3277603 0.1044385 0.104227 0.5077527 0.02274808 0.01934754 0.4726786 0.8851616 0.09497637 -0.8867043 -0.8229891 0.3067848 -0.8706548 -0.8152155 -0.4206879 0.2576861 0.8008696 0.5998217 0.4728523 -0.01454879 0.4156325 0.8230919 0.610678 -0.7147533 -0.7426255 0.6981851 0.8702493 0.6372094 -0.07934731 -1.652722 -9999 -9999 -9999 -9999 -9999 -9999 -9999 -9999 -9999 -9999 -9999 -9999 3.220677 -1.307277
-9999 -9999 -9999 -9999 -9999 -9999 -9999 -9999 4.608072 2.740785 0.9831305 0.0283675 -0.8644583 -1.266322 -0.7609028 -0.4429144 -0.528593 -0.3297784 -0.02948057 0.1445821 0.3562118 0.6152575 0.5039374 0.09212779 0.408969 0.1486751 0.01180016 0.5530012 0.3191456 -0.7091283 -2.200083 -3.203449 -2.256829 -0.9339616 -0.1711642 0.4800389 0.4834045 0.6112964 0.4702733 0.4416468 0.2357984 0.5282277 1.220669 0.2762193 0.1862094 -0.6552383 -0.7657788 -0.2605753 -0.277661 -0.5938119 -0.8166482 -9999 -9999 -9999 -9999 -9999 -9999 -9999 -9999 -9999 -9999 -9999 2.83553 -0.3782386 -0.8045039
0.5162067 -9999 -9999 -9999 -9999 -9999 -9999 3.121368 2.82447 1.490096 0.7282413 -0.1477308 -0.9589015 -1.099684 -0.5952451 0.1328713 0.1540794 0.06909548 -0.09852669 -0.0762125 0.2659147 0.25837 0.1573039 -0.4650255 0.3408976 0.09532541 0.1709508 0.1436422 -0.004768671 -1.664899 -3.538193 -2.04433 -2.374483 -0.7735348 0.1729332 0.8274443 0.5636932 0.3486576 0.4629619 0.4221437 0.2144082 0.1824331 1.245098 1.46803 0.8449232 0.3841529 -0.02285894 0.05642067 0.0344601 -0.2278325 -0.6050736 -9999 -9999 -9999 -9999 -9999 -9999 -9999 -9999 -9999 1.968264 1.458282 -0.0444703 -0.6655512 -0.04975106
-0.6854229 -9999 -9999 -9999 -9999 -9999 2.037343 2.507997 1.567007 1.063935 0.5930688 -0.169498 -0.9103028 -1.116681 -0.9123279 -0.2200155 -0.01000633 -0.2169823 -0.4303358 -0.5190436 -0.1646523 -0.02840756 0.1391032 0.4132205 0.8609049 0.4944263 0.08002481 -0.01774695 -0.6529194 -2.461715 0.01539661 0.1697945 -1.613149 -0.3791767 0.2536651 0.7764248 0.5591829 0.1771708 0.3599139 0.5239811 0.05045323 0.2983113 0.5218179 0.421845 0.2742051 0.138031 -0.1029929 -0.2553904 -0.2730458 -0.2367284 -0.223842 -9999 -9999 -9999 -9999 -9999 -9999 -9999 -9999 1.515867 0.3043141 -0.5027068 -1.167937 -0.8728936 -0.9092289
-9999 -9999 -9999 -9999 -9999 1.131435 1.982238 1.645636 1.318835 0.8312681 0.5703691 -0.1173369 -0.8072808 -1.009672 -0.8216275 -0.2646046 -0.4075322 -0.5105194 -0.3065891 -0.2145569 -0.165611 -0.03393353 0.568993 0.221398 0.2018651 0.7366456 0.3648643 -0.1040953 -0.6471395 -1.4267 -0.3722109 -0.9808459 -1.095615 0.2610001 0.4423244 0.5366078 0.4435714 0.07036886 -0.02511071 0.8264145 0.6861992 0.3241641 -0.09440543 -0.3553678 -0.400871 -0.4292188 -0.5590823 -0.6468365 -0.5304582 -0.2414241 0.009729804 1.240863 -9999 -9999 -9999 -9999 -9999 -9999 -9999 0.3999779 0.005966527 -0.2230039 -0.1440978 0.09078044 -0.7724293
-9999 -9999 -0.4443723 -0.1963424 0.5366217 1.485489 2.029333 1.368141 0.8388183 0.6207622 0.4896914 -0.1196773 -0.7469087 -1.042874 -1.067409 -0.1626565 0.1240082 0.1569996 0.3170893 0.2987767 0.2894823 0.362597 0.5712716 1.113376 1.056185 1.03591 0.426896 -0.2884313 -1.183837 -0.001931128 -0.8924665 -0.8335409 -0.1424004 0.6040477 0.5082016 0.2880394 0.1501692 0.2004613 -0.07768543 0.4242041 0.6637448 0.5698299 0.3559513 0.1770476 0.1007105 0.01858574 -0.1312236 -0.2010331 -0.1590286 -0.03701297 0.08748867 0.1955122 -9999 -9999 -9999 -9999 -9999 -9999 -9999 0.761399 0.1881356 0.1459119 0.1954709 0.6367826 -0.01805898
-9999 -9999 -0.2361163 -0.07696855 0.6633042 1.91786 1.682377 1.155307 0.6615496 0.4576404 0.3433656 -0.06511565 -0.5467952 -0.8528047 -0.8668718 -0.1303624 0.336104 0.430484 0.2176484 0.2241777 0.5347592 0.5276427 0.6256403 0.677386 0.5115325 0.6928857 0.01215714 -1.517138 -2.198615 -1.508407 -0.9506091 0.2460919 0.4511312 0.6646286 0.2757051 0.1048784 0.1847071 0.5126998 0.7165061 0.8395851 0.8410251 0.7342122 0.5938546 0.6114047 0.5924782 0.5290803 0.3049496 0.1378651 0.08575487 0.06637159 0.07422793 0.3977055 1.581324 -9999 -9999 -9999 -9999 -9999 -9999 1.016665 0.2800163 0.2624966 0.2449345 0.4382194 0.2571984
-9999 -9999 -9999 1.175416 1.698473 2.014804 1.199906 0.6780822 0.3258526 0.1879098 0.160034 0.0546161 -0.224757 -0.7101703 -0.9978788 -0.1639839 0.06350063 -0.1225263 -0.4231393 -0.4614619 -0.05555648 0.1920106 0.5559346 0.4296452 0.05811421 -0.1017265 -0.7485135 -2.395407 -2.29006 -3.234372 -0.7106877 0.862259 0.6422606 0.432239 0.1359559 0.5917051 1.033869 0.9866859 0.7848722 0.5028281 0.4053421 0.4980729 0.8221099 1.189445 1.173596 0.9937644 0.9570383 0.5685977 0.2186097 -0.1838559 -0.2761012 0.03139931 0.5603951 -9999 -9999 -9999 -9999 -9999 -9999 1.330977 0.8437482 0.1434925 -0.08476425 -0.3333733 -0.6497281
-9999 -9999 -9999 1.070595 1.209418 1.105694 0.8340421 0.5327274 0.2311492 0.1071748 0.132459 0.1733951 -0.1012966 -0.603253 -0.8269616 -0.5723622 -0.237353 -0.855492 -1.195673 -1.344398 -1.073568 -0.5700142 0.06915173 0.3539768 0.5088439 -0.1835369 -1.443783 -2.11463 -0.5137102 -2.057418 -0.3988015 0.9006304 0.1606334 0.9928191 1.328314 1.157481 0.9846588 0.8376103 0.6611569 0.4836525 0.4761586 0.6047569 0.7260979 0.6640564 0.6185001 0.8215158 1.098207 1.364577 1.230116 0.7884866 0.6229657 0.5760526 0.6879758 -9999 -9999 -9999 -9999 -9999 2.733974 1.540036 0.1912661 -0.4041512 0.00580369 0.1974478 0.1086465
-9999 2.678832 2.701114 1.190452 0.994765 1.105741 0.543875 0.1634135 -0.02191967 -0.09030908 0.01037139 0.1694571 0.08105803 -0.3273161 -0.6834338 -0.7596053 -0.80643 -0.5289317 -0.4108807 -0.7019482 -0.9127856 -0.9858023 -0.6846929 -0.226779 -0.3651284 -0.9807164 -1.137722 -0.2693693 -1.036315 -1.433563 -0.4040464 0.7254387 0.8653614 0.8710461 0.8200772 0.8658562 0.7488848 0.6012878 0.4353727 0.2485727 0.1476377 0.1136985 0.1803533 0.2395411 0.426771 0.6415477 0.7252423 0.4138051 0.3306523 0.6435865 0.6632074 0.5856674 1.105918 -9999 -9999 -9999 -9999 3.300008 1.243447 -0.1375057 -0.217621 -0.09267613 0.1388143 0.4237742 0.5303281
2.700986 1.148185 1.270386 1.118248 0.8605024 0.4815064 0.08245759 0.06436651 0.02667448 -0.08820447 0.06441426 0.3439615 0.3517479 -0.1685418 -0.8308156 -1.138285 -0.6755414 -0.03297906 0.3291498 0.1394855 -0.1557766 -0.3655201 -0.5723357 -0.8589911 -1.009813 -0.5422338 -0.00801907 0.6188449 0.3062938 -1.013445 -0.07746949 -0.06168584 -0.02058971 -0.2258822 -0.3510907 -0.4917274 -0.6029024 -0.7106571 -0.8366781 -1.015729 -1.089861 -1.048697 -0.5793958 -0.3727367 0.01309584 0.001419787 0.06980328 0.2937225 0.5288542 0.8761855 0.8139334 0.4904284 0.9780179 3.545941 -9999 3.831932 3.615595 1.065785 0.04865934 -0.01501163 0.002311305 0.1667139 0.3361171 0.576839 0.855432
0.09875887 0.1655386 0.1667264 0.1541353 0.1292979 0.3280114 0.09764632 -0.03014338 -0.1193549 -0.1844246 0.1585154 0.5086248 0.4344002 -0.1025006 -0.8044715 -0.9310234 -0.2650285 0.7483786 1.394748 1.336127 0.923947 0.4288877 0.06470952 -0.07096115 -0.148 -0.1668015 -0.02646902 0.0270104 0.07607245 0.0120326 -0.6058769 -1.023616 -1.229706 -1.297529 -1.268378 -1.308648 -1.350369 -1.357131 -1.271726 -0.9616856 -0.7825865 -0.7987994 -0.8504238 -0.6193973 -0.4699611 -0.5405513 -0.4576296 0.115458 0.2152003 0.1536902 0.1155815 0.2559367 0.3392867 1.031563 4.208381 0.7120419 0.4193708 0.107442 -0.0958064 -0.2304209 0.1129708 0.5831662 0.751945 0.4989706 0.2369246
