prcurv.asc
ncols         469
nrows         365
xllcorner     198538.8800233
yllcorner     438669.69527598
cellsize      10
NODATA_value  -9999
[rows 0 to 28 of 365, columns 390 to 454 of 469]
-9999 -9999 -9999 -9999 -9999 -9999 -9999 -9999 -9999 -9999 -9999 -9999 -9999 -9999 -9999 -9999 -9999 -9999 -9999 -9999 -9999 -9999 -9999 -9999 -9999 -9999 -9999 -9999 -9999 -9999 -9999 -9999 -9999 -9999 -9999 -9999 -9999 -9999 -9999 -9999 -9999 -9999 -9999 -9999 -9999 -9999 -9999 -9999 -9999 -9999 0.7280143 0.762254 -9999 -9999 -9999 -9999 -9999 -9999 -9999 -9999 -9999 -9999 -9999 -9999 -9999
-9999 -9999 -9999 -9999 -9999 -9999 -9999 -9999 -9999 -9999 -9999 -9999 -9999 -9999 -9999 -9999 -9999 -9999 -9999 -9999 -9999 -9999 -9999 -9999 -9999 -9999 -9999 -9999 -9999 -9999 -9999 -9999 -9999 -9999 -9999 -9999 -9999 -9999 -9999 -9999 -9999 -9999 -9999 -9999 -9999 -9999 -9999 -9999 -9999 1.188712 0.5360726 0.4296663 0.9607177 -9999 -9999 -9999 -9999 -9999 -9999 -9999 -9999 -9999 -9999 -9999 -9999
-9999 -9999 -9999 -9999 -9999 -9999 -9999 -9999 -9999 -9999 -9999 -9999 -9999 -9999 -9999 -9999 -9999 -9999 -9999 -9999 -9999 -9999 -9999 -9999 -9999 -9999 -9999 -9999 -9999 -9999 -9999 -9999 -9999 -9999 -9999 -9999 -9999 -9999 -9999 -9999 -9999 -9999 -9999 -9999 1.375033 1.652901 1.894502 1.869611 1.684158 0.6483203 0.4166681 0.4136491 0.5464481 -9999 -9999 -9999 -9999 -9999 -9999 -9999 -9999 -9999 -9999 -9999 -9999
-9999 -9999 -9999 -9999 -9999 -9999 -9999 -9999 -9999 -9999 -9999 -9999 -9999 -9999 -9999 -9999 -9999 -9999 -9999 -9999 -9999 -9999 -9999 -9999 -9999 -9999 -9999 -9999 -9999 -9999 -9999 -9999 -9999 -9999 -9999 -9999 -9999 -9999 -9999 -9999 -9999 2.370305 2.614098 3.035229 1.873736 1.141427 0.8147742 0.5706187 0.4727059 0.3768523 0.3345271 0.4631209 0.944227 2.00069 -9999 -9999 -9999 -9999 -9999 -9999 -9999 -9999 -9999 -9999 -9999
-9999 -9999 -9999 -9999 -9999 -9999 -9999 -9999 -9999 -9999 -9999 -9999 -9999 -9999 -9999 -9999 -9999 -9999 -9999 -9999 -9999 -9999 -9999 -9999 -9999 -9999 -9999 -9999 -9999 -9999 -9999 -9999 -9999 -9999 -9999 -9999 -9999 -9999 2.578087 2.983336 3.343356 1.065282 0.710831 0.2519493 0.06421041 0.1208208 0.1530029 0.1619793 0.2095819 0.1856975 0.06112238 -0.1041416 0.1117992 1.486451 2.17855 -9999 -9999 -9999 -9999 -9999 -9999 -9999 -9999 -9999 -9999
-9999 -9999 -9999 -9999 -9999 -9999 -9999 -9999 -9999 -9999 -9999 -9999 -9999 -9999 -9999 -9999 -9999 -9999 -9999 -9999 -9999 -9999 -9999 -9999 -9999 -9999 -9999 -9999 -9999 -9999 -9999 -9999 -9999 -9999 -9999 -9999 2.806459 3.100274 1.233419 0.9717699 0.9336957 0.8775117 0.7212433 0.441779 0.2884882 0.2734363 0.2565132 0.2105395 0.1351773 0.1005424 0.04718773 -0.1134132 -0.3454432 -0.3920353 2.229391 -9999 -9999 -9999 -9999 -9999 -9999 -9999 -9999 -9999 -9999
-9999 -9999 -9999 -9999 -9999 -9999 -9999 -9999 -9999 -9999 -9999 -9999 -9999 -9999 -9999 -9999 -9999 -9999 -9999 -9999 -9999 -9999 -9999 -9999 -9999 -9999 -9999 -9999 -9999 -9999 -9999 -9999 -9999 -9999 -9999 -9999 1.551588 1.154151 0.982077 0.3105149 0.03248562 -0.03415233 0.003999962 0.1603006 0.2834376 0.3846105 0.4267231 0.3975845 0.2274683 0.09977335 0.06381264 -0.1288018 -0.2416071 -0.4779563 0.68659 2.284153 -9999 -9999 -9999 -9999 -9999 -9999 -9999 -9999 -9999
-9999 -9999 -9999 -9999 -9999 -9999 -9999 -9999 -9999 -9999 -9999 -9999 -9999 -9999 -9999 -9999 -9999 -9999 -9999 -9999 -9999 -9999 -9999 -9999 -9999 -9999 -9999 -9999 -9999 -9999 -9999 -9999 -9999 -9999 -9999 -9999 0.6192632 -0.09599303 -0.6178663 -0.9507303 -0.9671282 -0.9438794 -0.8663835 -0.7446595 -0.6579419 -0.6014735 -0.5529247 -0.3989605 0.003027857 0.2686022 0.5111911 -0.2570857 -0.2330515 -0.4140481 0.4222237 -9999 -9999 -9999 -9999 -9999 -9999 -9999 -9999 -9999 -9999
-9999 -9999 -9999 -9999 -9999 -9999 -9999 -9999 -9999 -9999 -9999 -9999 -9999 -9999 -9999 -9999 -9999 -9999 -9999 -9999 -9999 -9999 -9999 -9999 -9999 -9999 -9999 -9999 -9999 -9999 -9999 -9999 -9999 -9999 4.404219 3.032766 0.1761696 -0.8797413 -0.8206172 -0.6534697 -0.5198862 -0.5269083 -0.4983624 -0.447167 -0.4170836 -0.3840294 -0.2894378 -0.08484622 0.1621551 -0.05508043 0.4044721 0.3969799 -0.07896931 -0.3965076 1.365843 -9999 -9999 -9999 -9999 -9999 -9999 -9999 -9999 -9999 -9999
-9999 -9999 -9999 -9999 -9999 -9999 -9999 -9999 -9999 -9999 -9999 -9999 -9999 -9999 -9999 -9999 -9999 -9999 -9999 -9999 -9999 -9999 -9999 -9999 -9999 -9999 -9999 -9999 2.811874 -9999 -9999 -9999 -9999 -9999 -0.2732756 -0.81264 -0.6230691 -0.4769543 -0.4536615 -0.3207686 -0.2595448 -0.1522524 -0.05877708 -0.02469211 -0.0556927 -0.1090621 -0.1822019 -0.255886 0.1153998 0.3943006 0.3518919 0.4434246 0.2209266 -0.2060729 -9999 -9999 -9999 -9999 -9999 -9999 -9999 -9999 -9999 -9999 -9999
4.829572 -9999 -9999 -9999 -9999 -9999 -9999 -9999 -9999 -9999 -9999 -9999 -9999 -9999 -9999 -9999 -9999 -9999 -9999 -9999 -9999 -9999 2.408111 2.716148 2.524863 2.528003 2.542288 3.049595 0.625324 1.245552 2.574822 2.764151 -9999 3.393518 0.3487335 -0.454811 -0.3003013 -0.1661613 0.1672872 0.4620407 0.3332591 0.2360439 0.1833645 0.118127 0.003075829 -0.068195 -0.07030203 -0.1378733 -0.1234192 0.1129472 0.3448435 0.4967288 1.351029 -9999 -9999 -9999 -9999 -9999 -9999 -9999 -9999 -9999 -9999 -9999 -9999
1.983611 4.005072 4.09438 4.080248 3.833765 -9999 -9999 -9999 -9999 -9999 -9999 -9999 -9999 -9999 -9999 -9999 -9999 2.15324 2.255699 2.310781 2.400545 2.57365 0.5554688 0.4927037 0.3664592 0.1848036 0.08523771 0.2441417 0.309374 0.08702946 -0.2076441 -0.4656235 1.202416 0.500777 -0.3310235 0.02352201 0.3994611 0.4155314 0.4022538 0.3031429 0.2427269 0.3667445 0.4661319 0.4265292 0.2651462 0.1185251 -0.07686282 -0.5048054 -0.2468682 -0.1435972 0.0428052 0.8034369 -9999 -9999 -9999 -9999 -9999 -9999 -9999 -9999 -9999 -9999 -9999 -9999 -9999
-0.04423066 0.5362338 0.7400641 0.7449492 1.337589 4.497926 -9999 -9999 -9999 -9999 -9999 -9999 -9999 -9999 -9999 -9999 -9999 0.306486 0.292894 0.3011873 0.3293085 0.3759213 0.3270271 0.2806349 0.245543 0.2103043 0.005389959 -0.2312205 -0.1418037 0.08111263 -0.001174344 -0.03512534 -0.08179504 0.1538999 0.2376841 0.323739 0.3510561 0.4469135 0.6772112 0.6731132 0.3087971 -0.02657823 -0.4613595 -0.5731153 -0.2655099 -0.007119135 0.2024579 0.1616684 -0.09405702 0.2179206 0.007229759 1.490104 -9999 -9999 -9999 -9999 0.8914223 -9999 -9999 -9999 -9999 -9999 -9999 -9999 -9999
-0.521363 -0.2318121 -0.06843964 0.05249519 0.1926282 1.565603 3.750689 3.724972 -9999 -9999 -9999 -9999 -9999 -9999 -9999 -9999 -9999 -2.42124 -2.546083 -2.607126 -2.673084 -2.807683 -2.002729 0.7025732 -0.2849929 -0.2643777 -0.01786858 -0.01126351 -0.01531929 -0.09456415 0.1771913 0.435636 0.2907555 0.2464076 0.324279 0.595898 0.6611292 0.3879569 0.1657152 0.1357913 0.2079312 0.1205879 -0.1401171 -0.2218646 -0.02436664 -0.005153562 -0.2678329 -0.1917455 -0.04317944 -0.2694856 -0.04213447 1.400503 -9999 -9999 -9999 0.1034672 0.6689691 2.103177 -9999 -9999 -9999 -9999 -9999 -9999 -9999
-1.808531 -1.544408 -1.294049 -0.7717802 -0.3559023 -0.0787775 0.06080874 1.655667 3.960071 -9999 -9999 -9999 -9999 -9999 -9999 -9999 -9999 -9999 -9999 -9999 -9999 -9999 -9999 -0.2031432 -0.2816213 -0.2367747 -0.2453547 0.1234969 0.4227036 0.3160858 0.2930724 0.2655415 0.4044564 0.4851312 0.2508754 0.07092841 0.1024128 0.1156714 -0.1918458 -0.6271001 -0.8114356 -0.9465673 -0.8594077 -0.8005063 -0.8095996 -0.4926585 -0.4011474 -0.568768 -0.5224062 -0.4110166 -0.2303743 1.228687 1.386987 1.4469 0.8296822 0.5435824 0.1555481 -0.1385485 2.604035 -9999 -9999 -9999 -9999 -9999 -9999
-0.7177553 -0.9275779 -1.035061 -1.238564 -0.9474528 -0.5875695 -0.3254833 -0.05011709 1.436571 4.11851 -9999 -9999 -9999 -9999 -9999 -9999 -9999 -9999 -9999 -9999 -9999 -9999 -9999 -1.22412 -0.05918619 0.04378623 0.2082222 0.3676867 0.3912715 0.4945363 0.4020323 -0.1355252 -0.1740434 -0.05093567 0.01024759 -0.1710165 -0.4318091 -0.4402353 -0.4267518 -0.7621243 -0.7826284 -0.5073872 -0.2451405 -0.3668233 -1.176967 -1.228457 -0.1301952 -0.7942659 -0.6954034 -0.7956744 -0.3954911 -0.07907107 0.1118251 0.3344709 0.9288833 0.5873419 0.2132243 -0.3333118 -0.2346455 3.216692 -9999 -9999 -9999 -9999 -9999
-0.05671806 -0.1770591 -0.2615662 -0.4037036 -0.6271343 -0.4554659 -0.3969406 -0.6072218 -0.1507915 0.9647428 -9999 -9999 -9999 -9999 -9999 -9999 2.511541 1.906647 1.956206 2.283564 2.261238 2.3636 -9999 -9999 0.1675676 0.254775 0.4486001 0.6263401 0.2016226 0.1691695 0.06427594 -0.1100266 -0.2824319 -0.5524292 -0.523201 -0.3104742 -0.3952383 -0.7043861 -1.229148 -1.332138 -0.8514057 0.1121423 0.3719484 0.4782203 -0.651966 -1.20343 1.24947 -1.150768 -0.6116829 -0.5720531 -0.5424581 0.1441061 0.0533199 0.4442423 0.655338 0.6928837 0.2707726 0.01395735 -0.3570983 0.2194093 3.277815 -9999 -9999 -9999 -9999
0.6229521 0.6174926 0.5715204 0.38969 0.09716982 -0.03002182 -0.05176342 -0.07954352 -0.1483147 0.644096 -9999 -9999 -9999 -9999 2.761136 2.334383 0.957661 0.1083565 -0.04020195 0.14265 0.3505837 0.2936707 1.3076 2.352923 0.9401272 0.5426492 0.56621 0.3428634 0.03778927 -0.1805468 -0.2297485 -0.04153001 0.01057395 -0.200587 -0.3220631 -0.3276712 -0.376015 -0.4016265 -0.5382288 0.09192538 -0.3957408 -0.3748059 -0.4207752 -1.013972 -1.369422 -0.2146021 2.891839 1.162131 0.2506793 -0.3481274 -0.6332718 -0.3634021 -0.02973079 0.1178935 0.4842687 0.4996441 0.2465703 0.08428521 -0.3753684 0.2846124 2.84303 -9999 -9999 -9999 -9999
1.276173 1.646796 1.646767 1.29278 0.6928344 0.7864237 0.3448129 0.2419473 0.2195302 0.7539185 3.14643 3.019462 2.986538 2.954626 0.1947571 -0.06703704 -0.05069165 0.2259169 0.2642961 0.2423858 0.05465327 -0.2411651 -0.09908685 0.2172378 0.3361613 0.5124266 0.5357258 -0.06545121 -0.2556403 -0.7143131 -0.7821162 -0.6587382 -0.4971263 -0.2736984 -0.1072296 0.02186245 -0.2931148 -0.5036941 0.008877764 -0.1413391 -0.6498722 -0.5769035 -0.379931 -0.1525522 0.5148907 -0.1710231 0.8146697 -0.5334163 -0.1001456 -0.3085191 -0.7936765 -1.001125 -0.2645566 0.1871532 0.3006055 0.263731 0.3985376 0.06902432 -0.2111754 0.3221825 1.404539 3.019121 -9999 -9999 -9999
0.7747048 0.3714927 0.6179193 0.7431584 0.6196601 0.5463995 0.445231 0.4446372 0.3690786 0.3265306 0.4738951 0.3755395 0.1159348 -0.02480533 0.02353083 0.2270356 0.2481511 0.2291655 0.210497 0.4021794 0.3827407 0.1697775 0.1464203 0.22402 0.3262012 0.5439774 0.1005802 -0.5599105 -0.5680911 -0.5257348 -0.4482627 -0.393847 -0.3057657 -0.2310188 -0.3307352 -0.530954 -0.8128303 -0.6535928 -0.5372453 -0.7026747 -0.7534764 -0.3861255 0.2230609 0.475929 0.05594726 -0.4282072 0.451808 -1.283931 -0.3206043 -0.4469903 -1.159021 -1.102083 -0.3543039 -0.002014684 0.1498216 0.3141463 0.2786146 0.1099112 -0.04846606 -0.2039575 0.2865239 1.364491 1.569675 2.925244 -9999
-1.37596 -1.900429 -1.427108 -0.4731315 0.2258928 0.2129687 0.2655632 0.1618912 0.5296656 0.3934138 0.1383064 -0.01738469 0.09937008 0.1627545 0.1836617 0.1951943 0.2539714 0.4038277 0.1628159 -0.1706838 -0.2137952 0.006780189 0.2849953 0.5192989 0.3318568 0.1708165 0.2116793 -0.3762922 -0.4785201 -0.4724291 -0.2326002 -0.1112755 -0.04260138 -3.52309e-005 -0.1021935 -0.2396666 -0.4604743 0.02161299 -0.6805803 -0.9722161 -0.9047338 -0.1719305 0.6746469 0.5757718 -0.02478041 -0.04374759 0.2481746 -1.186205 -1.238078 -1.178063 -2.818433 -1.552405 -0.9729441 -0.2184197 0.1102107 0.1143206 0.1804368 0.3947417 0.1467124 0.02358619 -0.07594772 0.1358766 0.102705 2.880513 -9999
-1.191567 -1.612069 -3.990391 -1.992659 -0.5983564 -0.2379456 -0.2286448 -0.07705547 0.1096846 0.001899256 -0.1173571 0.1356561 0.3839656 0.4712875 0.5020069 0.4924439 0.3112786 0.141453 0.2825386 0.3263807 0.3485459 0.3569365 0.2952973 0.174376 0.124426 -0.1028886 -0.2870257 -0.7959768 -0.512024 -0.5669407 -0.5847924 -0.6639295 -0.7128316 -0.7033212 -0.8694652 -1.115507 -0.8966635 -0.8298469 -0.5746878 -0.9340428 -0.9810277 -0.2167369 0.6927323 1.175356 0.1660473 0.5576248 0.9162688 -0.4712762 -1.465208 -1.619842 -0.7640239 -1.289653 -1.2007 -0.5286256 -0.2826996 -0.1498398 0.2544771 0.3492874 0.3302324 0.1494809 -0.1322264 -0.6843192 -0.6393455 1.219473 4.41781
0.8397401 -0.9409787 -1.113253 -1.942093 -0.8242507 -0.9907702 -0.5967483 -0.2549892 -0.05471063 0.1927557 0.2794873 0.1671172 -0.2019917 -0.4291285 -0.4309455 -0.1623083 0.2327941 0.2250047 0.2072089 0.5524033 0.8132047 0.9254267 0.7773525 0.2546691 -0.1873887 -0.3210187 -0.5680436 -0.3667148 -0.7628305 -1.190248 -0.9724166 -0.9835483 -1.200029 -1.1661 -0.1452763 0.4784971 -1.797114 -2.233816 -0.4721627 -0.729957 -0.9933771 -0.3564625 0.5632786 1.259359 0.2111348 0.5381392 1.036791 -0.1629646 -1.435359 -1.366032 -1.065941 0.04243227 -1.120456 -1.242889 -0.4957867 -0.4780036 -0.1777158 0.3151864 0.461369 0.4029008 0.1321589 -0.4032099 -1.118672 -0.5681511 1.332894
-0.2034212 -0.8339573 -1.060882 -0.09438177 -1.151613 -1.901199 -1.097294 -0.7706739 -0.4113765 0.3241813 0.5542421 0.4429383 0.1894009 -0.03375521 -0.1238612 0.003814686 0.1350086 0.3542313 0.3244318 0.3389312 0.4172403 0.5052302 0.4941239 0.322186 -0.1112217 -0.5177203 -0.761902 0.02430107 -1.365498 -1.233074 -1.229973 -0.7275798 -0.1799893 -0.8736022 -0.8093414 -1.199321 -1.15611 -0.5649391 -0.5468734 -0.5890638 -0.9711676 -0.5431849 0.3590787 1.164561 1.308732 1.050579 1.747578 0.4297695 -0.9724082 -1.231611 -1.320489 -1.22674 0.05609889 -2.071 -0.6461377 -0.8948968 -0.3071739 0.08726724 0.4422556 0.9206704 0.5835927 0.005104949 -0.7201391 -1.247955 -0.4168785
-1.565538 -1.020097 -1.002822 -0.9471457 -0.7354029 -1.339964 -1.020356 -0.6956477 -0.3911312 -0.009212477 0.3672422 0.8282502 0.6391398 0.2423738 0.09709307 0.3731461 0.4489102 0.2897097 0.2709714 -0.0343098 -0.08729813 -0.1140119 -0.1331934 -0.1976027 -0.1755117 -0.376355 -1.415864 0.006416988 -0.6879357 -0.7770068 -1.57026 -1.161203 -0.8956241 -0.9697075 -0.7175811 -0.4648225 -0.6345168 -0.4617062 -0.3092142 -0.366278 -0.7167338 -0.6968813 0.3671536 1.279245 1.223872 0.02927484 1.512213 0.5793585 -0.4782494 -0.4543519 -0.5291979 -1.606271 -2.185778 -0.4801066 -1.424262 -1.45613 -1.077271 -0.3797275 0.334962 0.7382243 1.017209 0.4070773 -0.222279 -0.9581411 -0.4575432
-1.064264 -0.7608049 -0.7039968 -0.9995315 -1.341035 -0.2751052 0.5893485 0.06929075 -0.2928331 -0.5583107 -0.4293579 0.1574726 0.1475473 0.05982164 0.08183382 0.3777112 0.4930274 0.03788951 -0.07395437 -0.3131123 -0.632048 -0.9081573 -1.104113 -1.355358 -1.552389 -1.063793 1.178445 -0.2250583 -1.154217 -1.694908 -1.683059 -1.59055 -1.311024 -0.6695975 -0.3939046 -0.448892 -0.4135701 -0.179763 -0.1565623 0.02020859 -0.5441995 -0.5441712 0.2322398 1.19588 1.131193 -0.153258 1.075333 0.7487803 -0.06432718 -0.251676 -0.2428744 -0.2660064 -0.5185816 -1.35738 -0.01402192 -2.036608 -1.241339 -1.099986 -0.4975772 0.259195 1.158799 0.7329335 0.1773119 -0.3024491 -0.4125792
0.1125776 0.2119864 0.05800182 -0.7823618 -0.6007901 -0.4255357 0.4271866 0.1779496 -1.152755 -1.762298 -1.516779 -0.5559063 -0.2715134 0.01430652 0.4608262 0.7366359 0.3425349 0.06990378 -0.2981409 -0.4987827 -1.119807 -1.902918 -1.840134 -0.5196746 0.1399979 -0.6934094 -0.4961661 -0.5775537 0.2023406 0.2367412 0.2344423 0.2408789 0.204238 -0.09568477 -0.2346953 -0.226052 -0.3743366 -0.03329985 0.3231161 0.1761928 -0.4151889 -0.6284142 -0.1204161 0.8423657 1.541098 -0.005127894 1.006534 0.4326849 0.0184216 -0.2771765 -0.111075 -0.2328115 -0.5400587 -0.8997849 -1.734663 -1.720963 -0.4334997 -1.45544 -0.9395166 -0.7293223 0.3365513 0.8218614 0.4389696 0.08345806 -0.08723813
0.671433 0.3442045 0.1537353 -0.05340464 -0.3436197 -0.07870366 0.007486761 -1.136238 -1.429953 -2.449936 -1.298599 -0.5151666 -0.7564078 -1.37634 -0.3475212 0.3734694 0.5454338 -0.01748977 -0.4900134 -0.8475775 -0.915391 -0.5935421 -0.5138662 -0.3542761 -0.9895272 -1.413346 -0.7016227 -0.9347132 -0.6306564 -0.211389 -0.08851697 -0.02590846 0.0502147 -0.008665335 -0.2344109 -0.2954411 0.0377834 0.1083041 0.245922 0.3315918 0.2899969 -0.704101 -0.5433191 0.3942303 1.403268 0.006903143 0.6778641 0.7013714 -0.06408254 -0.1217593 -0.09623406 -0.09745846 -0.1469615 -0.8284054 -0.6406248 -0.4838709 -0.5040861 -0.6339681 -0.6253186 -1.068842 -0.1589956 0.1781977 0.3767461 0.2816603 0.8913288
0.1268519 0.1146773 0.3779995 -0.07989619 -0.04646545 0.3529866 -0.3093022 -1.709177 -1.395211 -1.372996 -0.5574574 0.4692451 0.02749195 -0.3264318 0.6028903 0.356228 0.1623655 -0.5373315 -0.7054995 -0.9553557 -0.2890329 -0.2893662 -1.457998 -0.7756882 -1.308305 -1.097452 -0.6180821 -0.2786698 -0.4130498 -0.3584327 -0.2896592 -0.1940451 -0.20684 -0.461069 -0.7006743 -0.08707262 0.6771599 0.6691431 0.4483162 0.3156345 0.2949619 -0.3812653 -0.9269106 -0.2101543 0.9832802 1.290462 0.9119269 1.022781 0.3361824 -0.09265918 -0.1423461 0.3410937 0.6620135 -0.004141296 -0.06766025 -0.3516837 -0.7701966 -0.5790939 0.1938144 -0.763566 -0.6293749 -0.6518568 0.08559038 0.3863167 0.2463856
