prcurv.asc
ncols         469
nrows         365
xllcorner     198538.8800233
yllcorner     438669.69527598
cellsize      10
NODATA_value  -9999
[rows 58 to 86 of 365, columns 260 to 324 of 469]
-0.846352 -0.8897368 -0.886921 -0.8245831 -0.6381226 -0.2762083 -0.226369 0.04303322 0.06230202 0.05038487 0.2680296 0.3890048 0.2960427 -0.0206585 -0.6316769 -0.5720989 -0.005514896 0.3403201 0.5610941 0.4310333 0.3566033 0.2978308 0.4044645 0.5273311 0.4783226 0.3086333 0.1424512 -0.5163631 -0.4582223 -0.3892128 -0.5245554 -0.6968117 -0.798016 -0.842282 -0.8514526 -0.9382877 -0.9293489 -0.7785303 -0.6008376 -0.4011497 -0.5023648 -0.5119576 -0.5430758 -0.4860105 -0.628665 -0.4823825 -0.4281744 -0.345719 -0.4222475 -0.41575 -0.05222059 0.1917429 0.1161655 -0.1043688 -0.2500316 -0.2966676 -0.2662429 -0.1026251 -0.01081384 -0.05717351 -0.03203685 -0.1806104 0.01843597 0.4203522 0.5995744
-0.8797002 -0.7474558 -0.6533675 -0.5979384 -0.5699996 -0.4702936 0.2068328 0.236818 0.03171443 0.1939036 0.3932346 0.3321867 0.2219022 0.03205711 -0.3880212 -0.3523691 0.05538107 -0.3160296 -0.7730825 -1.116382 -0.6627481 -0.2328689 0.424926 0.7240412 0.8439997 0.5587566 0.2902755 -0.09220531 -0.4079551 -0.7713048 -0.5320512 -0.4369366 -0.4261995 -0.4364959 -0.5952811 -0.6321559 -0.6194381 -0.5778961 -0.3905765 -0.2390649 -0.1140173 -0.0288879 -0.3104242 -0.2770307 -0.207652 -0.1304592 -0.3691455 -0.5626494 -0.3595163 -0.2397963 -0.1211018 -0.3812039 -0.664881 -0.9039444 -1.040403 -1.063995 -0.972631 -0.7501046 -0.4479389 -0.04718002 0.3228519 0.5211245 0.6414578 0.8125283 0.9755448
-0.5556918 -0.64939 -0.5889699 -0.3836626 -0.1760229 0.04159803 0.4252601 0.5404112 0.2564585 0.2393049 0.1840237 0.09177182 0.05036891 -0.04630438 -0.208078 -0.1958657 -0.2275877 -0.8512249 -1.496425 -1.496876 -1.579272 -0.8439427 -0.0002128339 0.5714096 1.155566 0.8458734 0.5274694 0.1909488 -0.0221507 -0.05577084 0.08085836 0.1028087 0.2001223 0.3424383 0.011536 -0.1743591 -0.2070674 -0.1127452 0.1677648 0.06949399 0.04265558 4.042518e-006 0.04802502 0.1340099 -0.008679146 0.03187547 0.07205772 0.04980147 0.03571096 -0.1821081 -0.3565028 -0.2521254 -0.3046964 -0.3729233 -0.4040578 -0.3652423 -0.2381995 -0.02896637 0.2135357 0.4834218 0.7099952 0.9268152 1.222728 1.352159 1.068135
-0.2854507 -0.2629014 -0.1824871 -0.02516372 0.05584462 0.3296272 0.641498 0.3444583 0.2800436 0.3018745 0.08094522 0.02328751 0.06306496 -0.03458629 -0.1538454 -0.1218118 -0.2338246 -0.886353 -1.846744 -1.537683 -2.835584 -1.561391 -0.4910709 0.2782608 0.7063841 1.050132 0.7718214 0.398829 0.1504202 0.1139631 0.06339055 0.04746497 -0.02673423 -0.122305 -0.1725943 -0.1933152 -0.2040249 -0.2600281 -0.2656548 -0.05252701 0.3602387 0.1733607 -0.07107195 -0.008504047 0.1996579 0.5318437 0.4802683 0.2365941 0.188052 0.2674413 0.3628665 0.4483894 0.2420556 0.059279 0.02182942 0.1095626 0.2962288 0.5620536 0.8900701 1.198085 1.355638 1.232611 1.184031 1.047269 0.6607009
0.1083686 0.09574367 0.09085798 0.03510319 0.3815303 0.7138668 0.5014855 0.4338323 0.211726 0.05663897 -0.1329903 0.04132104 0.1676083 -0.1007394 -0.355745 -0.1767292 -0.07677303 -0.6746145 -1.710375 -1.636325 -1.281356 -1.443064 -0.916971 -0.4813033 0.2219137 0.6198397 0.8981557 0.5857872 0.2506774 0.1643246 0.05926462 -0.03031872 -0.179875 -0.3582518 -0.6006566 -0.3688974 -0.2694159 -0.3917972 -0.6798085 -0.9487114 -1.039086 -0.5497708 -0.2712476 0.0600205 0.0449573 -0.09610698 -0.09443097 0.1826694 0.5661389 0.6753517 0.6541105 0.5785575 0.5589787 0.5919726 0.6842589 0.7976546 0.9096963 0.9886886 1.056306 1.059458 1.035239 1.073347 0.733146 0.0176612 -0.6177507
0.5813231 0.636539 0.6910685 0.5759229 0.517477 0.2409235 0.2862062 0.03286789 0.1321334 0.1042981 0.005394686 0.100519 -0.02143635 -0.4316756 -0.8168933 -0.2991206 0.2156886 -0.2147597 -1.046348 -1.127651 -0.4381947 -0.9828 -0.9104713 -0.6237285 -0.3464845 0.1272561 0.4198595 0.8185723 0.3602493 0.02748748 -0.1074516 -0.1053948 -0.01178524 0.09303894 -0.02649401 -0.02758845 -0.1083828 -0.1950915 -0.2926609 -0.3907648 -0.5169848 -0.5568983 -0.7624362 -1.045122 -1.160053 -1.073116 -0.5218019 -0.09398463 0.00934696 0.06076686 0.07313887 0.4988749 0.9177959 1.149742 1.306244 1.43576 1.49597 1.386692 1.097239 0.8475569 0.4272398 -0.1617682 -0.9163693 -1.62003 -2.161311
0.4381372 0.5051712 0.4426869 0.485278 0.4384369 0.1345434 -0.07991228 0.1279631 0.1111281 -0.07629798 0.06047372 0.2079189 -0.1241249 -0.6449956 -0.9564239 -0.4319715 0.2311783 0.1660822 0.2568345 -0.455546 -1.16543 -0.4956622 -0.4083453 -0.6023242 -0.915493 0.02661565 -0.1218127 0.2293099 0.2107328 0.1330377 0.1322331 0.1398041 0.139968 0.1030889 0.1422433 0.1538828 0.1122726 0.06722454 0.03037667 -0.02554835 -0.1360297 -0.2455442 -0.2993538 -0.3930926 -0.4221102 -0.4611138 -0.4954446 -0.5624232 -0.6021834 -0.5676761 -0.4215604 -0.07286835 0.3535581 0.5998026 0.6782491 0.637721 0.3698944 0.1006521 -0.3115638 -0.7866685 -1.302868 -1.856375 -2.56732 -2.790197 -2.700327
0.2569903 0.490646 0.5482423 0.4839413 -0.1618603 -0.1172397 -0.07426949 -0.1164244 0.2955819 0.06537146 0.1146737 0.1533222 -0.2974803 -0.9100033 -0.9251841 -0.5628688 0.1038364 0.1585732 0.3706949 0.6645074 -0.0446034 0.1112777 0.2283716 -0.3181172 -0.9003735 -0.6681137 -0.2417554 0.01232219 0.1334105 0.1803551 0.2603125 0.2800493 0.2746751 0.2731437 0.3289652 0.3589547 0.3579696 0.3471775 0.3335873 0.3038365 0.2441904 0.1799404 0.1589441 0.1360788 0.1188553 0.07127376 0.002934979 -0.002216178 -0.02271602 -0.02056385 -0.02503146 -0.02215884 -0.09728235 -0.1889777 -0.377563 -0.7913554 -1.190409 -1.332492 -1.506578 -1.888868 -2.428995 -2.690241 -2.691417 -2.667634 0.0472638
-0.03188233 -0.3412112 -0.4028425 -0.3039797 -0.2434402 -0.178101 -0.1165905 -0.07902039 0.08012121 0.01720229 0.3474263 0.08777694 -0.4759932 -1.199795 -0.8459067 -0.6334686 0.02118067 0.05294301 0.1613996 0.2654867 0.1993285 0.1943607 0.4991259 0.0268741 -0.677709 -1.105248 -0.5842106 -0.07897647 0.3531613 0.3997572 0.3758004 0.3617864 0.3727787 0.4194841 0.5108354 0.5883228 0.6316344 0.6479832 0.6448966 0.625454 0.599372 0.5897204 0.6097543 0.6243942 0.6246985 0.6099266 0.595005 0.601959 0.4969819 0.3379132 0.03343024 -0.484571 -1.069796 -1.524846 -1.725615 -2.046035 -2.214093 -2.372272 -2.325802 -2.232607 -2.373012 -2.260042 -2.178615 -2.452057 -2.387557
0.3437512 0.1051109 -0.1330559 -0.2846561 -0.3594846 -0.06771091 0.01141036 0.02724234 0.4237365 0.1324677 0.4397408 -0.1291041 -0.5699331 -1.066437 -0.7219919 -0.701139 -0.04278572 -0.0868796 0.02791944 0.07307339 0.1325767 -0.2204349 0.2535354 -0.1219196 -0.1107984 0.007280097 -0.5325526 -0.2542803 -0.02807675 0.1007508 0.07451055 0.03361612 0.03573852 0.09487657 0.198913 0.3000862 0.3713511 0.417046 0.4547842 0.5050206 0.5873297 0.7017866 0.8020816 0.8411866 0.8112644 0.6938748 0.473595 0.1284806 -0.1755824 -0.4286697 -0.8121147 -1.425714 -2.587668 -4.265787 -3.912003 -3.355701 -2.128055 -1.569745 -1.882002 -2.374538 -2.223011 -2.345918 -2.286718 -2.02626 -1.227923
0.1369761 -0.02196726 0.01143323 0.07948183 -0.01870254 -0.0691755 0.07861471 0.1884855 0.1454694 0.01826694 -0.1291018 -0.7070413 -0.5760904 -0.5765639 -0.560689 -0.9339882 -0.2042067 -0.0692348 0.02023415 0.03231478 -0.148026 -0.1744341 0.5585333 0.6692312 0.4738154 0.3414201 0.2914903 0.3328528 0.1691061 -0.0722137 -0.3148284 -0.4452322 -0.4360571 -0.3021502 -0.09908852 0.06728299 0.1553699 0.1938653 0.2383177 0.3531137 0.5769518 0.8597544 1.063807 1.154349 1.172577 1.084145 0.7841567 0.2104803 -0.2253036 -0.4431356 -0.4842933 0.1730375 0.7011764 -0.2598304 -1.15243 -1.973954 -2.203143 -2.205344 -2.526861 -2.902189 -2.43704 -2.022369 -1.193838 -0.6578166 -0.04234254
0.06360165 0.09691925 0.08769907 -0.0217313 -0.08974413 0.1896352 0.5574145 0.08586496 0.3047521 -0.2476579 -0.5230623 -0.6432801 -0.482405 -0.1263764 -0.4932176 -0.8584392 -0.2168105 -0.01769333 0.07637351 0.1746082 0.3273981 0.3532089 0.6036115 0.6538338 0.5417352 0.4790081 0.5051682 0.41407 0.3753268 0.3095642 0.1868966 0.1072832 0.1205829 0.2103698 0.3198108 0.3708594 0.3795573 0.3785267 0.389973 0.4450842 0.5426574 0.5837103 0.4648449 0.3724941 0.3105006 0.2061431 -0.05871334 -0.4346833 -0.264891 -0.1126345 0.01552732 -0.8024752 -0.1055303 -0.8404307 -1.88187 -1.854073 -2.107421 -2.447937 -2.530512 -2.167208 -1.411363 -0.8151594 -0.1716377 0.1357758 0.3609225
-0.2224925 0.1624014 0.4104376 0.3997136 0.07599876 -0.0797985 -0.1662986 -0.06550036 -0.1647193 -0.5003048 -0.7489207 -0.498563 -0.3111738 0.1220803 -0.508904 -0.6126273 -0.1894466 0.08028566 0.2838794 0.5856648 0.9747624 0.398266 0.4258708 0.4149318 0.5182565 0.6170996 0.7079427 0.6002489 0.5542783 0.5247313 0.5966167 0.6452827 0.6747366 0.67788 0.6697004 0.6393623 0.5852302 0.5331137 0.5466869 0.659691 0.6815108 0.2287487 -0.4534561 -0.8216226 -1.05205 -1.203617 -1.228427 -1.385441 -1.588143 -1.086775 -0.5375522 -1.536118 -0.5701091 0.019141 -0.2917224 -0.1578473 -0.2664481 -0.5702924 -0.7183632 -0.5668092 -0.3008306 -0.01312043 0.2596376 0.4745102 0.4830783
-1.019373 -0.8897086 -0.6710337 -0.4839733 -0.2696274 -0.1551198 -0.1255039 0.002191046 -0.007703576 -0.8088769 -0.499469 -0.2535733 -0.1037795 -0.03000814 -0.5298839 -0.2480248 -0.05860589 0.2314883 0.5041625 0.8547917 0.4294626 -0.0906641 0.3886809 0.3119425 0.1821306 0.004429866 -0.3144651 -0.3882679 -0.1314327 0.4952815 1.185512 1.482919 1.478443 1.176798 0.4737558 -0.2157053 -0.5410579 -0.7815716 -0.7767254 -0.4562536 -0.367322 -0.9745253 -2.006568 -2.525167 -2.996097 -3.209864 -1.627833 0.3300719 -0.5570762 -1.852 -1.077966 -1.070754 -0.2403221 0.6326136 0.05497198 0.693667 0.810707 0.8696346 0.9451904 0.9218406 0.790897 0.7227646 0.6715732 0.7586837 0.6240681
0.1666591 0.1202582 -0.343805 -0.4470281 -0.3372753 -0.2811505 -0.04780938 0.105923 -0.3307067 -0.5371225 -0.2543288 -0.06636923 0.2596386 -0.1742956 -0.6985599 -0.1349961 0.1034718 0.3411717 0.5246328 0.5276502 -0.1052115 -0.02112326 -0.006214924 -0.2235057 0.04983281 0.2205187 0.114611 0.06581104 0.1714243 0.4147424 0.5332544 0.5905295 0.4867005 0.1340991 -0.4669248 -0.8141732 -1.025198 -1.410878 -1.450236 -1.017085 -1.269422 -1.31004 -0.8535775 -0.6853397 -1.993118 -2.926858 -2.508083 -1.049871 -0.9950939 -0.6837824 -0.7114013 -0.5719065 0.1174427 0.6434391 0.5583886 0.3089994 0.8752115 1.216371 1.172293 0.9753184 0.6927655 0.4642928 0.2882412 0.1417931 0.1223631
0.677716 -0.7186273 -0.7666939 -0.654944 -0.427528 -0.1256068 0.2365546 -0.2616518 -0.5867777 -0.2471355 -0.04585613 0.0810191 0.0849265 -0.3219118 -0.2871128 -0.01047437 0.2093574 0.4225648 0.7785893 0.2908211 0.1130264 -0.03500148 -0.1098128 0.05193695 0.1345462 0.01362032 -0.09132027 -0.02797756 -0.03126476 -0.2407989 -0.3897562 -0.5077125 -0.6657203 -0.8336396 -1.137642 -1.490293 -1.328362 -0.3278693 0.7959433 0.5778251 -0.08910137 -5.596971 -1.402809 -2.278828 -2.331341 -1.437094 -0.7975304 -0.07919814 -0.1350854 -0.0808128 -0.05070827 -0.3036792 0.4424298 0.4758058 0.3356047 0.5617357 0.4010347 0.983797 1.130935 0.9092624 0.522384 0.1519605 -0.1844777 -0.4850348 -0.6261448
-0.2170486 -0.4625141 -0.1370433 -0.1339731 -0.2425214 -0.2435471 -0.2683018 -0.587321 0.09201824 0.05094024 0.1605837 0.4515233 -0.09302593 -0.4074546 -0.08018602 0.1626415 0.3115573 0.4731215 0.5589831 0.06943638 0.07702234 -0.1712256 0.06318915 0.2312407 0.2821297 0.3159199 -0.08076476 -0.3798936 -0.866505 -1.195457 -1.383225 -1.551907 -1.711856 -1.295031 0.2520311 0.3573361 -1.418722 -1.496507 -1.85961 -1.659777 -1.838862 -1.884078 -1.590201 -1.011144 -0.6678945 -0.05274811 0.1829851 0.3049157 0.4521113 0.2780724 0.2041258 0.2679253 0.6404681 0.1679073 -0.19696 0.4425091 0.4374007 0.05314938 0.1887152 0.4548863 0.6173031 0.5164593 0.3318487 0.1167965 -0.02665898
0.05473359 0.05165519 0.02356459 0.03283197 -0.1306155 -0.1832638 -0.2466475 -0.05009255 0.2077108 0.2456575 0.2946475 0.104709 -0.3975393 -0.1085838 0.1856893 0.3884271 0.4303319 0.9842595 0.3871038 0.3222172 0.1511954 0.237784 0.2145656 0.2899252 0.1020898 -0.3313142 -0.2766405 -0.2137163 -0.4851597 -0.7594121 -0.966633 -0.8867345 -0.3525742 -0.2990241 -0.2428144 -0.7512597 -0.6334384 -0.3796867 -0.6359648 -0.4358839 -0.4611359 -0.3072056 -0.1998347 0.1316411 0.2029552 0.2878276 0.4510971 0.3087309 0.2508484 0.2339211 0.2760491 0.5035316 0.4483657 -0.07897185 -0.6809186 0.09189999 0.6905809 0.2285417 0.07488661 -0.1275471 0.4511407 0.9451776 0.9989004 0.8462304 0.7208308
0.08440948 -0.03981606 -0.1227102 -0.2426225 -0.002468005 0.290318 0.181224 0.2436534 0.3846905 0.3915465 0.1440698 0.0994226 0.2490021 0.2164715 0.4462538 0.6560622 0.6247511 0.4950592 0.5048821 0.3118272 0.2545185 0.2470205 0.2085227 0.04416226 -0.1019952 -0.1582089 -0.2345892 -0.3662388 -0.4244003 -0.5180178 -0.5855331 -0.3373218 -0.402271 -0.8312746 -0.5295492 -0.3986331 0.212365 0.1539064 0.4426152 0.626166 0.5430818 0.437106 0.3422157 0.361006 0.4108861 0.2534042 0.258633 0.2815793 0.01854892 -0.09062795 0.2275235 0.5074946 0.3099296 -0.2359568 -0.8171506 -0.1776269 0.576465 0.3431994 -0.09093957 0.5239132 0.3349714 0.3293893 0.3349383 0.2696172 0.1844831
0.07113996 0.2089009 0.3899785 0.2878582 0.2542162 0.226349 0.2433613 0.3469269 0.468263 0.1610025 -0.1231277 0.3698011 0.2591031 0.2008316 0.690057 0.5631597 0.3939294 0.5315897 0.3328828 0.3277875 0.2711502 0.2411347 0.1656234 0.05777732 0.1597734 -0.4758059 -0.2798787 -0.1286721 0.01637425 0.0195942 -0.1049924 -0.9520427 -0.9090487 -0.9344452 -0.1798865 0.5526672 0.4208068 0.2309437 -0.09984953 0.1230177 0.6647604 0.7082025 0.4634258 0.2275309 0.2182142 0.1542475 -0.01869922 0.1089948 0.2732762 0.2030347 0.03100831 0.1911923 0.1141447 -0.3961821 -0.4283143 -0.3315165 0.2572343 0.3756779 -0.07562352 0.5608666 -0.01065905 -0.2121635 -0.3354545 -0.4008634 -0.3897942
0.4715589 0.3076557 0.2437236 0.2910653 0.2552061 0.250546 0.2412438 0.4892304 0.122864 -0.1281085 0.2057625 0.341015 0.2471071 0.3649432 0.5090696 0.4486829 0.3120166 0.1727627 0.3257487 0.2806733 0.2212906 0.1175591 -0.02041211 -0.4909072 -0.391972 -0.2394171 0.04733373 0.07935157 0.156428 0.2722488 0.3280631 -0.9284975 -1.031759 -0.8861822 0.03826597 0.8094834 0.3664724 0.1085501 -0.03353185 0.0006022354 0.1350237 0.6044375 0.5780853 0.3031693 -0.01014615 -0.01034172 -0.04281928 -0.1192961 0.02589408 0.2003367 0.3821692 0.1025504 -0.3396038 -0.5746918 0.02149181 -0.2017492 -0.1796161 0.3844206 0.1280764 0.1423531 -0.1342089 -0.5906357 -0.8442298 -0.04188709 0.1731611
-0.1534599 -0.02436285 0.09653598 0.2706388 0.4056571 0.5233553 0.2731918 0.04491195 -0.1260629 0.4611512 0.443427 0.3628982 0.2574181 0.3390646 0.537469 0.1051776 0.209989 0.1814656 0.1314331 0.2448104 -0.1002113 -0.01015188 -0.385233 -0.2749187 -0.1190212 0.0387317 0.1623011 0.3814318 0.5135124 0.5970249 0.3515822 -0.3933223 -0.9624753 -0.7538476 0.07644571 0.773093 0.3652402 -0.004858286 0.09994461 -0.2916707 -0.09896971 -0.1126189 0.556117 0.5363627 0.2385695 0.00683479 0.2728301 0.1426851 -0.09075644 -0.1811548 -0.0743821 -0.1149528 -0.1095809 0.2046283 0.02824331 -0.061352 -0.4395963 0.1551334 0.2018895 -0.2614614 -0.2360418 -0.3178144 -0.03444783 0.1563831 0.04650222
-0.08257826 -0.005501371 0.05236992 0.09401385 0.03419868 -0.1318571 -0.3460376 -0.09603295 0.08033421 0.3523125 0.3541388 -0.0993887 0.2648842 0.3405555 0.1833692 0.05125291 0.04026154 0.2464328 0.1902451 0.04118253 -0.1348113 -0.2677941 -0.2212797 -0.08205153 0.468578 0.9194873 1.097255 1.322878 1.268657 0.9301644 0.5149372 -0.07123516 -0.8656958 -0.4609658 0.01853813 0.5259553 0.3370656 0.04708012 0.3823195 -0.01251152 -0.08603474 0.1297936 0.1106078 0.2079662 0.508368 0.4677934 0.5811022 0.7095054 0.6016411 0.4048425 0.1005552 -0.1504986 -0.2634123 0.08897708 0.4016114 0.1625656 -0.4660949 -0.3272933 0.3172887 -0.358381 -0.4418721 0.08205902 0.7705588 0.4667573 0.2139205
-0.1162402 -0.06838549 -0.0447847 -0.02610138 -0.01025105 -0.009227646 -0.03966306 0.00993257 0.1897341 0.4541742 0.3464573 0.3111977 0.4091504 0.3172824 -0.06361903 0.1089797 0.1885058 0.2124674 0.2832726 -0.01223993 0.05218166 -0.06182104 0.06220173 0.2709756 0.2910575 0.4730964 0.6630068 0.598532 0.6853556 0.8711023 0.731083 0.2390979 -0.3790399 -0.1842309 -0.1282191 -0.01968949 0.2010424 0.3407085 0.5763319 0.23618 -0.1700209 0.4411168 0.08772879 0.1999354 0.1562296 0.5953791 0.4291693 0.4316471 0.3524162 0.2137738 0.05580137 0.1020113 0.3651924 0.2984902 0.1162424 -0.1152743 -0.3057078 -0.7274172 0.1878269 -0.48905 -0.5667338 0.2140747 0.9837863 0.5539833 1.228139
-0.3120013 -0.2921635 -0.2743216 -0.2507787 -0.2338336 -0.248977 -0.1689858 -0.1268908 0.4456816 0.5280706 0.4610364 0.4537376 0.3695227 0.06852186 0.1019064 0.1134405 0.3352782 0.1550648 0.2636539 0.2763337 0.335448 0.5081635 0.7076724 0.4067999 0.2802425 0.07758368 -0.03260136 -0.04813005 0.1026038 0.5792181 0.7111791 0.5033758 0.2382968 -0.003535864 -0.2082593 -0.0765427 0.1468037 0.2927057 0.5720803 0.3714639 0.09966692 0.5704337 0.1756357 0.2192371 0.007001453 -0.1581189 0.09692442 0.4333078 0.1265394 -0.1816555 -0.4443048 -0.4370721 -0.1963197 -0.1848202 -0.2218201 -0.0115313 0.1961826 -1.075294 -0.1922794 -0.7700427 -0.5841401 0.270479 1.10884 0.9308556 0.8502111
-0.5576854 -0.5607949 -0.5701826 -0.5729045 -0.5073021 -0.2503298 0.1763219 0.3537778 0.5288544 0.6254108 0.5917695 0.4416586 0.1568447 0.3803394 0.2106309 0.3060662 0.3571422 0.3891906 0.4316542 0.535381 0.4110847 0.4212506 0.3096252 -0.01266436 0.01923548 -0.3440416 -0.4258151 -0.3803811 -0.1535814 0.04557541 0.5091377 0.7405029 0.4974899 0.2071018 0.003704349 0.02499643 0.261873 0.2112698 0.2190508 0.3769123 0.409425 0.433718 0.1728466 0.4908769 0.1706587 -0.3041792 0.6976922 0.1049887 0.01703346 0.1298044 0.2889692 0.2351006 0.009791899 -0.1634646 -0.2811422 -0.4164594 -0.5044491 -0.6917235 -0.594219 -1.22224 -0.5591506 0.3715896 1.091861 0.8823578 0.7919846
0.08390874 0.06744477 0.06812543 0.08659045 0.12278 0.2561457 0.4184518 0.5806524 0.7521324 1.030257 0.5163328 0.190598 0.2448393 0.2325093 0.08923618 0.4456938 0.3936723 0.5832276 0.4355495 0.3906701 0.224598 0.1894619 0.1202926 -0.1938967 -0.1946025 -0.1004802 0.01829223 -0.08119256 -0.1731064 -0.3335177 0.05778324 0.4226718 0.600668 0.5729311 0.2143885 -0.03027682 0.1053106 0.119256 0.1797575 0.4270693 0.3718015 0.2442494 0.3222071 0.566068 0.1950286 -0.09182593 0.7635055 0.3234186 -0.1116538 -0.2772154 0.11363 0.09186532 -0.1295125 -0.3965481 -0.6483827 -0.8966638 -1.088355 -0.8512384 -0.6020269 -1.393378 -0.5197489 0.6210115 1.056507 0.579586 0.3942027
0.6493536 0.6156449 0.6073354 0.6332015 0.714255 0.6128764 0.6193138 0.826682 0.711291 0.5739091 0.1746413 0.3832321 0.223998 0.07878018 0.2696489 0.4273388 0.4182035 0.4408213 0.171467 0.03425624 -0.1773453 -0.2186498 -0.2722413 -0.2428281 -0.3277287 -0.03209997 0.2258896 -0.06261103 -0.4876226 -0.5572772 -0.05147515 0.1397763 0.343968 0.5037983 0.3521577 0.2098031 0.2523768 0.06580363 -0.09562951 0.1285578 0.2277368 0.2647272 0.4740235 0.442747 0.09829428 0.1642736 0.7744241 0.4970039 -0.0979734 0.4456801 0.2847176 -0.0196842 -0.3311166 -0.6792569 -0.9380561 -1.114739 -1.284729 -1.433224 -1.43168 -1.312111 -0.2791575 1.145214 1.033198 0.4669077 -0.09873646
1.149238 1.06069 1.005846 0.9300637 0.7778468 0.9149551 0.6425175 0.4133031 0.4781053 0.2200185 0.2659851 0.2150843 0.02687002 0.2093815 0.3999868 0.3043394 0.2683863 0.08537006 -0.361732 -0.6457955 -1.035795 -1.146015 -1.140735 -1.09999 -0.8889071 -1.190352 -1.378625 -1.553917 -1.74029 -1.465695 -0.8279408 -0.1678301 0.1551066 0.5419082 0.3682227 0.1600505 0.1354926 0.0001187674 -0.03632694 0.1535576 0.1369502 0.0408472 0.246286 0.326216 0.1560823 0.2333991 0.7202588 0.5472807 0.256536 0.8994179 0.06668919 0.6134666 0.7430177 0.40881 0.05509637 -0.1936593 -0.4219555 -0.6568357 -0.7505792 -0.5324926 0.3122982 1.191032 0.7583946 0.2588407 -0.4341173
