prcurv.asc
ncols         469
nrows         365
xllcorner     198538.8800233
yllcorner     438669.69527598
cellsize      10
NODATA_value  -9999
[rows 87 to 115 of 365, columns 325 to 389 of 469]
-1.386815 -0.3478214 0.3385013 0.7629513 1.151052 2.193956 2.264317 1.936076 1.084095 0.2820534 -0.5002748 -1.144074 -0.5112041 -0.8843647 -0.2612021 0.7545128 0.7298445 0.1513869 -0.3023731 -0.0493659 -0.01640811 -0.510366 0.5871079 1.069895 -0.9878104 0.2612542 -0.08825736 -0.3245817 -0.1179805 0.204005 0.5396429 0.5613031 0.3077907 -0.1117687 -0.6912155 -1.218385 -1.77333 -2.014809 -1.749558 -1.292573 -0.6312523 -0.7411464 -0.6143435 -0.6862198 -0.3256549 0.3329588 0.5802639 0.205764 -0.4357764 0.07060108 0.7730524 0.03363906 0.1921664 0.123735 0.4078343 -0.707593 -1.151948 -9999 -9999 -9999 -9999 -9999 -9999 -9999 -9999
-0.3470541 0.2755422 0.5659791 0.8407471 1.197851 1.452222 0.8016546 2.178472 1.203836 0.5720343 -0.5301678 -1.465165 -0.1113341 -1.00008 -0.4971648 -0.09554359 -0.2945548 -0.3468787 -0.1986371 -0.2286524 -0.4726115 0.07394206 0.2532185 0.3062547 -1.493241 -0.2393475 -0.8917425 -0.8630374 -0.6630396 -0.3542382 0.07286134 0.3171163 0.1944619 0.1046572 -0.02016271 -0.240083 -0.5950393 -0.8867897 -1.114103 -1.151862 -1.015945 -0.8970705 -0.7842963 -0.1821256 0.04600201 0.8146486 0.4973473 -0.1555665 -0.6534849 0.1847179 0.824906 -0.1437631 0.5645596 -0.1898248 0.5108793 -0.07727458 1.187777 -9999 -9999 -9999 -9999 -9999 -9999 -9999 -9999
0.5208649 0.2440209 0.5557529 0.8041094 0.656235 -0.3502981 -0.6521354 1.403215 1.233731 0.6813784 -0.5969073 -1.242683 -1.340777 -1.640237 -0.66644 -0.07299075 -0.1356325 0.1818192 0.5640483 0.5970278 0.465565 0.1979719 -0.6022725 -0.2569077 -0.6551607 -1.660129 -1.127921 -0.5442424 -0.257002 -0.1070018 -0.1443776 -0.3682939 -0.1152844 0.121551 0.4710236 0.634818 0.589219 0.2438981 -0.04185927 -0.2906389 -0.5349635 -0.5764633 -0.3403622 0.04713701 0.5969015 0.8978554 0.4196662 -0.3566101 -0.7811826 0.3218086 0.5184383 0.05258859 0.316495 -0.1132431 -0.008425719 -0.5046025 2.347725 -9999 -9999 -9999 -9999 -9999 -9999 -9999 -9999
0.4852823 0.2212623 0.1583983 0.8233445 0.02224657 -0.0589401 -0.245472 0.9858473 1.175671 0.4238155 -0.5277325 -0.4201311 -0.8743995 -0.6912224 0.06619998 0.6009213 0.5297535 0.4665501 -0.05689111 -0.2182121 1.06532 -0.09123403 -1.832683 -0.1107303 -1.022034 -0.7307799 -0.01786107 0.196782 0.3355096 0.4455678 0.3931465 0.04104492 0.1143259 1.325565 5.552542 6.364261 7.253492 2.039642 1.037212 0.7260959 0.4371129 0.2838517 0.3564543 0.7450639 0.7462043 0.5056309 0.3626009 -0.3380929 -0.9734198 0.3381413 0.4228842 0.1631203 0.09090798 -0.1861361 -0.2566436 -0.313401 3.224613 -9999 -9999 -9999 -9999 -9999 -9999 2.116159 2.227918
0.1369743 -0.06603513 0.08474665 0.3061709 0.1713075 0.4781834 0.6649119 1.651008 1.017415 0.266424 -0.2623546 -0.1491162 -0.2291522 0.3198599 1.013415 1.340156 0.8597933 0.1181012 -0.2560719 0.1478347 0.6268775 -0.6232653 -1.876707 -1.234253 -1.834507 -0.5678274 0.02752986 0.3652066 0.2617662 0.2384629 0.2401831 -0.1071545 1.177152 4.756435 -9999 -9999 -9999 5.602906 5.835629 1.404971 0.8379579 0.5154424 0.2688335 0.03419771 -0.250365 -0.4831551 -0.493837 -0.4113166 -1.062406 0.1758615 0.4988976 0.18531 0.07697237 -0.2239585 -0.3027874 2.924592 -9999 -9999 -9999 -9999 -9999 1.732361 0.8973249 0.1288332 0.651071
-0.1161407 -0.498056 0.0392886 -0.07620489 0.3874402 0.4963094 0.02011775 1.327351 1.039352 0.5865363 0.2346115 0.1463735 0.1481082 0.5119008 0.970459 0.8570288 0.2350106 0.3402209 -0.02495181 0.2726914 -0.2939566 -1.229183 -0.2774432 -0.9752035 -0.9570861 0.03561163 0.3571416 0.6276209 0.2053183 -0.3087186 -0.4950199 -0.6252972 1.446796 -9999 -9999 -9999 -9999 -9999 -9999 1.192124 1.047094 0.673633 0.1910882 -0.2984489 -0.7298235 -1.093822 -1.410129 -1.493941 -1.230657 -0.1806791 0.5365837 -0.01067522 0.3409267 -0.1791574 2.500923 -9999 -9999 -9999 -9999 -9999 -9999 0.503572 0.3192467 0.1111948 -0.1461027
-0.009871337 -0.3432553 0.06799582 0.02693183 0.5494837 0.8217903 0.1121634 0.8897283 0.8925959 0.2233033 0.3036182 0.3889645 0.3370225 0.5541053 1.214587 0.7967399 0.7520612 0.4159806 0.364517 0.2625055 -0.6807559 -1.790383 0.08262094 -1.301026 -0.9030815 -0.06330702 0.6296167 0.3383822 0.3010658 0.2752945 0.09212737 -0.1378734 1.252303 -9999 -9999 -9999 -9999 -9999 -9999 0.4733745 0.5433915 0.4313575 0.2978231 0.08801936 -0.1464594 -0.3546377 -0.5538766 -0.6916209 -0.6163893 -0.2887065 -0.03686849 -0.0768172 0.1801192 -0.01278062 1.934931 -9999 -9999 -9999 -9999 -9999 3.487093 0.26493 0.2263441 0.1208707 0.05899849
0.1776494 -0.1601797 0.04490719 0.07176833 0.326418 0.6431154 -0.2370437 0.4732803 0.1700835 0.06738774 0.1633886 0.3604189 0.5138326 1.40444 3.453366 0.5319386 0.6275963 0.5365818 0.678685 0.07862701 -0.9010924 -1.479705 -1.113405 -1.61913 -0.599215 0.4170266 1.281554 0.8805373 0.7509072 0.5676142 0.3401395 1.086443 4.423788 -9999 -9999 -9999 -9999 -9999 -3.062996 -0.2590983 -0.1359424 0.05971177 0.5608373 0.6726077 0.6670045 0.5843077 0.4482819 0.2566599 0.1092958 0.1000819 0.03216971 -0.2477593 -0.1938684 0.1156285 0.2828624 -9999 -9999 -9999 -9999 -9999 -0.7388399 -0.30204 0.08312208 0.4445549 0.4815393
0.2551274 -0.08941354 0.1731023 0.09007397 0.1778716 0.6775531 0.2573191 0.3283523 0.6923794 0.5058844 -0.1953243 -0.1632082 1.046849 3.878523 -9999 1.975482 0.3066111 0.3656738 0.6036836 -0.2271508 -0.9775988 -0.2645025 -0.7486945 -0.7398453 -0.2232125 0.3853489 0.9098284 0.07892356 -0.1519083 -0.302996 0.3892431 3.903642 -9999 -9999 -9999 -9999 -9999 -9999 0.4589599 0.2227742 0.2090478 0.2024454 0.583177 1.164016 1.427177 1.449764 1.314232 1.007732 0.667881 0.2857835 0.2270401 0.2375129 -0.05753402 -0.4450042 -1.081701 -0.901664 -0.5193288 -9999 -9999 -9999 -1.087167 -0.582205 -0.1853862 -0.2839902 -0.4876686
-0.09115867 -0.3994177 0.1616144 0.05215546 0.2790371 0.8674287 0.2158946 -0.2398094 0.5016754 0.517355 3.179677 3.784179 3.294953 -9999 -9999 3.226827 0.03772177 0.1112521 0.3757288 -0.3537952 -0.554526 -0.6731913 -0.8552364 -0.5068628 -0.1429137 0.4180285 0.4661555 -0.07302135 -0.08193852 0.306431 3.311041 -9999 -9999 -9999 -9999 -9999 -9999 0.3980255 0.3579189 -0.461109 -0.3944068 0.03812801 0.3905711 0.5102824 0.6298542 0.7754444 0.7575129 0.5574052 0.4289272 0.5017611 0.5025409 1.094309 0.7743927 -0.23246 -1.211542 -0.8820607 -0.6518916 -1.455635 -9999 -9999 -1.429632 -1.20521 -1.102545 -1.264617 -1.177034
-0.2285419 -0.4738382 -0.3781466 -0.2613648 0.3287955 1.206409 0.4640469 0.261356 1.252104 2.716522 -9999 -9999 -9999 -9999 -9999 3.59046 -0.3310096 -0.1485007 0.1303798 -0.2886187 0.2026892 0.06419863 -0.182991 -0.2846871 -0.1823766 -0.08749469 0.1352166 -0.4213657 -0.4073213 -0.1967683 -9999 -9999 -9999 -9999 -9999 -9999 -9999 -9999 0.366454 0.4692158 0.572943 0.3219595 0.3771051 0.2686346 0.1643883 0.2174074 0.1317013 -0.02732851 0.3803765 0.5346068 0.7482842 0.563564 0.2638853 0.2644209 0.04241608 -0.973555 -0.8593157 -1.366614 -1.257051 -1.448718 -0.1628946 -0.557334 -1.510223 -0.4196163 -0.9481452
-0.1736274 -0.5208226 -0.9091667 -0.5034509 0.06351816 1.13733 0.8022938 0.7631545 1.57645 -9999 -9999 -9999 -9999 -9999 -9999 3.48386 -0.6318396 -0.2910702 -0.1809008 -0.2986569 -0.5098155 -0.5621995 -0.5260415 -0.3966985 -0.3181095 0.202168 0.5685912 0.1410693 -0.2635863 -0.3459876 -3.54119 -9999 -9999 -9999 -9999 -9999 -9999 -9999 2.946501 0.4024687 0.6040722 0.5652572 0.6501074 0.04458235 -0.3929841 -0.5456738 -0.486702 -0.02820137 0.4339674 0.1153241 0.3856968 0.2148134 0.05992176 0.1528146 0.0007798302 -0.3414441 -0.9537424 -0.9962753 -1.133032 -1.695265 -1.659069 -2.047724 -4.413935 -0.1149415 -0.06215716
-0.05313957 -0.3996501 -0.768216 -0.5837758 -0.5865089 0.4156445 0.9117547 0.9544823 2.003402 -9999 -9999 -9999 -9999 -9999 -9999 2.332996 -0.7528832 -0.6672016 -0.6496969 -1.012397 -1.089082 -0.928619 -0.7026643 -0.190418 0.09390818 0.541271 0.4142173 0.2798719 0.4542841 0.525043 0.5019633 -3.036848 -9999 -9999 -9999 -9999 -9999 -9999 -9999 0.3252653 0.1938452 -0.01352597 -0.5027502 -0.3064852 -0.1416262 -0.03462207 0.1606992 0.1314496 -0.1700667 -0.01285763 0.4563198 0.01361706 -0.02819445 0.374374 0.3084779 -0.0211288 -0.09988951 -0.03307087 -0.1163358 -0.3327622 -0.3211368 -0.6238439 -1.295767 -1.913673 -2.277726
-0.1005632 -0.3021419 -0.5570952 -0.4440899 -0.7013646 0.1247728 1.014125 3.216194 -9999 -9999 -9999 -9999 -9999 -9999 -9999 1.691235 -0.2039984 -0.9144041 -0.9324982 -0.8849963 -0.7803689 -0.5481098 -0.237012 0.1695735 0.2045932 0.1376622 0.3572877 0.8824633 2.44189 0.1147739 0.2918174 3.026264 -9999 -9999 -9999 -9999 -9999 -9999 -9999 2.749576 -0.420354 -0.7091109 0.72729 2.080516 1.911357 0.3140878 0.2062964 -0.1043451 -0.1557675 -0.1454363 0.7088417 1.438489 0.253959 0.3892167 0.433063 0.6154667 0.6193876 0.3426373 0.3221735 0.4276476 0.2834999 0.2050377 0.01717377 -0.5007929 -0.89819
-0.8862932 -0.7211802 -0.9588891 -0.7570307 -0.7720465 1.231575 4.347349 -9999 -9999 -9999 -9999 -9999 -9999 -9999 -9999 4.568231 2.329503 0.3497105 -0.04834216 -0.1701195 -0.2063939 -0.1156614 0.05509084 0.2279218 0.3330163 0.2879695 1.092939 3.580365 -9999 2.807623 2.783789 -9999 -9999 -9999 -9999 -9999 -9999 -9999 -9999 -9999 0.4679009 0.4707237 1.264748 -9999 -9999 1.91521 0.1462063 0.2125732 -0.1607086 -0.4147931 1.616783 -9999 2.035177 2.152544 1.031271 0.6286688 0.5482774 0.3882076 0.4919781 0.416655 0.5124063 0.6439396 0.6130655 0.3001965 -0.06088632
-0.7230853 -0.9172947 -0.926945 -0.7546064 1.574909 5.193497 -9999 -9999 -9999 -9999 -9999 -9999 -9999 -9999 -9999 -9999 4.093047 1.88108 1.297663 1.110064 0.8285017 0.4878674 0.3468822 0.3154589 0.5089516 1.261599 3.866077 -9999 -9999 -9999 -9999 -9999 -9999 -9999 -9999 -9999 -9999 -9999 -9999 -9999 2.069912 -0.1391411 -0.01520642 -9999 -9999 -9999 0.2210518 0.1502133 -0.4244259 -0.5943162 2.248142 -9999 -9999 -9999 2.037316 2.46818 2.850886 1.587154 0.01186981 0.07882652 0.08974976 0.03608266 0.07300664 0.06999392 0.1218878
0.05821648 -0.1096711 -0.0110405 1.851465 5.420498 -9999 -9999 -9999 -9999 -9999 -9999 -9999 -9999 -9999 -9999 -9999 -9999 3.217853 3.79799 3.974953 1.172551 1.203649 1.107911 1.103336 1.736243 3.687533 -9999 -9999 -9999 -9999 -9999 -9999 -9999 -9999 -9999 -9999 -9999 -9999 -9999 -9999 -9999 1.81161 1.905526 -9999 -9999 -9999 1.283058 -0.3013119 -0.7999396 0.8917239 2.444833 -9999 -9999 -9999 -9999 -9999 -9999 2.775328 1.709612 2.673977 -0.467335 -0.6822061 -0.4863942 -0.243394 0.3492887
0.4402971 0.57346 0.6359367 2.563073 -9999 -9999 -9999 -9999 -9999 -9999 -9999 -9999 -9999 -9999 -9999 -9999 -9999 -9999 -9999 -9999 3.424078 3.608286 3.576771 3.26388 2.581519 -9999 -9999 -9999 -9999 -9999 -9999 -9999 -9999 -9999 -9999 -9999 -9999 -9999 -9999 -9999 -9999 -9999 -9999 -9999 -9999 -9999 -9999 0.7147521 0.4565378 2.665096 -9999 -9999 -9999 -9999 -9999 -9999 -9999 -9999 -9999 -9999 3.968927 0.1536091 0.3604926 0.6289012 1.255944
0.7080046 1.317082 2.054137 3.655758 -9999 -9999 -9999 -9999 -9999 -9999 -9999 -9999 -9999 -9999 -9999 -9999 -9999 -9999 -9999 -9999 -9999 -9999 -9999 -9999 -9999 -9999 -9999 -9999 -9999 -9999 -9999 -9999 -9999 -9999 -9999 -9999 -9999 -9999 -9999 -9999 -9999 -9999 -9999 -9999 -9999 -9999 -9999 -9999 -9999 -9999 -9999 -9999 -9999 -9999 -9999 -9999 -9999 -9999 -9999 -9999 -9999 1.512238 1.374762 1.639525 3.116038
0.8509494 1.585809 2.559273 -9999 -9999 -9999 -9999 -9999 -9999 -9999 -9999 -9999 -9999 -9999 -9999 -9999 -9999 -9999 -9999 -9999 -9999 -9999 -9999 -9999 -9999 -9999 -9999 -9999 -9999 -9999 -9999 -9999 -9999 -9999 -9999 -9999 -9999 -9999 -9999 -9999 -9999 -9999 -9999 -9999 -9999 -9999 -9999 -9999 -9999 -9999 -9999 -9999 -9999 -9999 -9999 -9999 -9999 -9999 -9999 -9999 -0.2266769 2.00138 2.280985 2.405075 -9999
0.929736 1.510638 -9999 -9999 -9999 -9999 -9999 -9999 -9999 -9999 -9999 -9999 -9999 -9999 -9999 -9999 -9999 -9999 -9999 -9999 -9999 -9999 -9999 -9999 -9999 -9999 -9999 -9999 -9999 -9999 -9999 -9999 -9999 -9999 -9999 -9999 -9999 -9999 -9999 -9999 -9999 -9999 -9999 -9999 -9999 -9999 -9999 -9999 -9999 -9999 -9999 -9999 -9999 -9999 -9999 -9999 -9999 -9999 -9999 -9999 -9999 -9999 -9999 -9999 -9999
0.1332323 0.005341792 1.073911 -9999 -9999 -9999 -9999 -9999 -9999 -9999 -9999 -9999 -9999 -9999 -9999 -9999 -9999 -9999 -9999 -9999 -9999 -9999 -9999 -9999 -9999 -9999 -9999 -9999 -9999 -9999 -9999 -9999 -9999 -9999 -9999 -9999 -9999 -9999 -9999 -9999 -9999 -9999 -9999 -9999 -9999 -9999 -9999 -9999 -9999 -9999 -9999 -9999 -9999 -9999 -9999 -9999 -9999 -9999 -9999 -9999 -9999 -9999 -9999 -9999 -9999
-0.05255445 -0.2879746 0.2820819 1.197749 -9999 -9999 -9999 -9999 -9999 -9999 -9999 -9999 -9999 -9999 -9999 -9999 -9999 -9999 -9999 -9999 -9999 -9999 -9999 -9999 -9999 -9999 -9999 -9999 -9999 -9999 -9999 -9999 -9999 -9999 -9999 -9999 -9999 -9999 -9999 -9999 -9999 -9999 -9999 -9999 -9999 -9999 -9999 -9999 -9999 -9999 -9999 -9999 -9999 -9999 -9999 -9999 -9999 -9999 -9999 -9999 -9999 -9999 -9999 -9999 -9999
0.05334419 -0.5920492 -0.3002237 0.3408443 -9999 -9999 -9999 -9999 -9999 -9999 -9999 -9999 -9999 -9999 -9999 -9999 -9999 -9999 -9999 -9999 -9999 -9999 -9999 -9999 -9999 -9999 -9999 -9999 -9999 -9999 -9999 -9999 -9999 -9999 -9999 -9999 -9999 -9999 -9999 -9999 -9999 -9999 -9999 -9999 -9999 -9999 -9999 -9999 -9999 -9999 -9999 -9999 -9999 -9999 -9999 -9999 -9999 -9999 -9999 -9999 -9999 -9999 -9999 -9999 -9999
0.2167439 -0.003144638 -0.28344 0.05340399 0.4125352 0.4040363 1.147953 -9999 -9999 -9999 -9999 -9999 -9999 -9999 -9999 -9999 -9999 -9999 -9999 -9999 -9999 -9999 -9999 -9999 -9999 -9999 -9999 -9999 -9999 -9999 -9999 -9999 -9999 -9999 -9999 -9999 -9999 -9999 -9999 -9999 -9999 -9999 -9999 -9999 -9999 -9999 -9999 -9999 -9999 -9999 -9999 -9999 -9999 -9999 -9999 -9999 -9999 -9999 -9999 -9999 -9999 -9999 -9999 -9999 -9999
0.3342653 0.2699756 0.1200496 -0.6470028 -0.2789955 -0.1666121 0.9486961 -9999 -9999 -9999 -9999 -9999 -9999 -9999 -9999 -9999 -9999 -9999 -9999 -9999 -9999 -9999 -9999 -9999 -9999 -9999 -9999 -9999 -9999 -9999 -9999 -9999 -9999 -9999 -9999 -9999 -9999 -9999 -9999 -9999 -9999 -9999 -9999 -9999 -9999 -9999 -9999 -9999 -9999 -9999 -9999 -9999 -9999 -9999 -9999 -9999 -9999 -9999 -9999 -9999 -9999 -9999 -9999 -9999 -9999
0.4742925 0.4811937 0.5341414 0.4571241 -0.05571166 -0.3635607 1.428824 -9999 -9999 -9999 -9999 -9999 -9999 -9999 -9999 -9999 -9999 -9999 -9999 -9999 -9999 -9999 -9999 -9999 -9999 -9999 -9999 -9999 -9999 -9999 -9999 -9999 -9999 -9999 -9999 -9999 -9999 -9999 -9999 -9999 -9999 -9999 -9999 -9999 -9999 -9999 -9999 -9999 -9999 -9999 -9999 -9999 -9999 -9999 -9999 -9999 -9999 -9999 -9999 -9999 -9999 -9999 -9999 -9999 -9999
0.6339114 0.5885506 0.5591931 0.6044791 0.6178468 -0.7732828 1.91199 -9999 -9999 -9999 -9999 -9999 -9999 -9999 -9999 -9999 -9999 -9999 -9999 -9999 -9999 -9999 -9999 -9999 -9999 -9999 -9999 -9999 -9999 -9999 -9999 -9999 -9999 -9999 -9999 -9999 -9999 -9999 -9999 -9999 -9999 -9999 -9999 -9999 -9999 -9999 -9999 -9999 -9999 -9999 -9999 -9999 -9999 -9999 -9999 -9999 -9999 -9999 -9999 -9999 -9999 -9999 -9999 -9999 -9999
0.6845388 0.6219128 0.5504496 0.5700879 0.6171458 -0.1598808 2.376217 -9999 -9999 -9999 -9999 -9999 -9999 -9999 -9999 -9999 -9999 -9999 -9999 -9999 -9999 -9999 -9999 -9999 -9999 -9999 -9999 -9999 -9999 -9999 -9999 -9999 -9999 -9999 -9999 -9999 -9999 -9999 -9999 -9999 -9999 -9999 -9999 -9999 -9999 -9999 -9999 -9999 -9999 -9999 -9999 -9999 -9999 -9999 -9999 -9999 -9999 -9999 -9999 -9999 -9999 -9999 -9999 -9999 -9999
