slope.asc
ncols         469
nrows         365
xllcorner     198538.8800233
yllcorner     438669.69527598
cellsize      10
NODATA_value  -9999
[rows 240 to 269 of 365, columns 0 to 68 of 469]
-9999 -9999 -9999 -9999 -9999 -9999 -9999 -9999 -9999 -9999 -9999 -9999 -9999 -9999 -9999 -9999 -9999 -9999 -9999 -9999 -9999 -9999 -9999 -9999 -9999 -9999 -9999 -9999 -9999 -9999 -9999 -9999 -9999 -9999 -9999 -9999 -9999 12.65647 17.90342 20.04821 14.92293 9.81548 5.65853 7.63456 17.87054 25.34362 24.53277 17.70832 8.510332 10.01225 16.72644 21.60149 24.25692 25.64683 26.31172 25.96655 24.64055 22.48836 19.86983 17.59506 16.19626 16.22795 17.69561 19.60813 19.93523 16.72832 10.94233 6.459195 5.692316
-9999 -9999 -9999 -9999 -9999 -9999 -9999 -9999 -9999 -9999 -9999 -9999 -9999 -9999 -9999 -9999 -9999 -9999 -9999 -9999 -9999 -9999 -9999 -9999 -9999 -9999 -9999 -9999 -9999 -9999 -9999 -9999 -9999 -9999 -9999 10.76167 14.13605 18.22361 21.96297 16.88777 11.49555 8.59844 5.397525 4.705525 15.6812 24.35789 24.97483 20.19724 11.66836 4.559689 10.45554 17.01559 21.50518 24.68989 26.50919 26.74008 25.55385 23.25499 20.44976 17.65617 15.18025 13.99331 14.8735 16.60233 16.32623 12.8359 8.399691 5.64657 6.162543
-9999 -9999 -9999 -9999 -9999 -9999 -9999 -9999 -9999 -9999 -9999 -9999 -9999 -9999 -9999 -9999 -9999 -9999 -9999 -9999 -9999 -9999 -9999 -9999 -9999 -9999 -9999 -9999 -9999 -9999 -9999 -9999 -9999 -9999 8.380048 15.82466 23.20141 23.13748 20.18902 16.05608 14.55929 14.30002 11.76914 6.711597 12.11266 21.05897 23.58482 21.82852 16.77651 10.13431 6.263966 11.19973 17.1916 22.12398 25.45704 26.98292 26.9253 25.73358 23.62381 20.5801 17.26113 15.13995 15.34979 16.6642 16.09908 13.15834 10.01123 7.814216 8.333317
-9999 -9999 -9999 -9999 -9999 -9999 -9999 -9999 -9999 -9999 -9999 -9999 -9999 -9999 -9999 -9999 -9999 -9999 -9999 -9999 -9999 -9999 -9999 -9999 -9999 -9999 -9999 -9999 -9999 -9999 -9999 -9999 1.812738 4.326219 10.19947 19.79913 23.05184 22.13958 20.00138 18.86763 19.89653 21.12293 20.13227 15.87628 11.93392 14.67111 18.8046 21.16011 19.9559 16.22746 10.58108 8.327095 12.28214 17.60104 22.36056 25.63778 27.67163 28.86807 28.6984 26.55508 23.35002 20.92132 20.45498 21.07839 20.22696 17.79348 15.41348 13.12501 13.04316
-9999 -9999 -9999 -9999 -9999 -9999 -9999 -9999 -9999 -9999 -9999 -9999 -9999 -9999 -9999 -9999 -9999 -9999 -9999 -9999 -9999 -9999 -9999 -9999 -9999 -9999 -9999 -9999 -9999 -9999 -9999 -9999 4.237552 3.733382 12.77582 20.45329 22.29819 20.58478 19.33182 20.01512 22.36189 24.5767 25.23484 23.27193 18.70901 12.89774 11.52739 16.39157 19.62114 19.55163 15.3638 11.28154 11.47774 15.0331 18.44658 20.69057 24.38584 28.64826 31.33687 31.17552 28.95385 26.71614 26.19656 26.44493 25.34466 23.69964 22.66083 21.06623 20.65713
-9999 -9999 -9999 -9999 -9999 -9999 -9999 -9999 -9999 -9999 -9999 -9999 -9999 -9999 -9999 -9999 -9999 -9999 -9999 -9999 -9999 -9999 -9999 -9999 -9999 -9999 -9999 -9999 -9999 -9999 -9999 4.69736 6.882881 6.805707 15.24321 21.78296 22.58635 20.38649 19.12686 19.24489 21.26687 24.67339 26.82344 26.14532 22.78862 17.40376 10.99358 10.21313 16.15408 19.84689 17.65211 14.29053 13.83606 16.61303 18.31456 15.60137 16.69067 23.24768 29.20771 31.45528 30.76825 29.11261 28.76995 29.00845 28.16752 27.59466 28.14618 28.20873 28.09669
-9999 -9999 -9999 -9999 -9999 -9999 -9999 -9999 -9999 -9999 -9999 -9999 -9999 -9999 -9999 -9999 -9999 -9999 -9999 -9999 -9999 -9999 -9999 -9999 -9999 -9999 -9999 -9999 -9999 -9999 -9999 5.744284 8.355473 9.599275 16.55826 22.29357 22.83138 20.83602 20.1731 19.57022 18.86656 21.82552 25.60666 26.81717 25.24918 21.80175 16.60629 10.96043 11.6282 16.45292 17.34452 15.95671 15.66823 18.45537 21.00944 18.5381 13.43592 13.15903 20.96713 26.87987 29.04347 28.69394 28.63603 28.77497 28.20518 28.36861 29.78063 31.04615 31.29117
-9999 -9999 -9999 -9999 -9999 -9999 -9999 -9999 -9999 -9999 -9999 -9999 -9999 -9999 -9999 -9999 -9999 -9999 -9999 -9999 -9999 -9999 -9999 -9999 -9999 -9999 -9999 -9999 -9999 -9999 -9999 5.466523 7.407016 8.592898 15.73238 21.8587 22.39217 20.68143 20.73508 20.27971 17.79393 18.68727 23.21115 26.9417 28.22831 27.1549 23.94403 18.7614 12.8075 10.63178 13.86269 15.15278 15.21498 18.35857 22.29968 23.32791 19.99226 11.40363 9.730219 18.34918 24.13228 26.14292 26.62902 26.32663 25.76079 26.26324 27.915 29.55439 29.99475
-9999 -9999 -9999 -9999 -9999 -9999 -9999 -9999 -9999 -9999 -9999 -9999 -9999 -9999 -9999 -9999 -9999 -9999 -9999 -9999 -9999 -9999 -9999 -9999 -9999 -9999 -9999 -9999 -9999 -9999 -9999 3.375974 4.835908 7.140383 15.02749 21.33225 21.56124 19.97864 20.6256 20.62503 17.23856 16.01077 20.39097 26.17406 30.3956 32.00956 30.96811 27.48494 21.68787 14.35001 10.25113 11.03711 12.13948 16.12104 21.06409 24.79707 24.75627 18.90002 10.60137 11.30888 18.2601 22.84448 24.15512 23.14159 21.87494 21.64894 22.74822 24.57624 25.6783
-9999 -9999 -9999 -9999 -9999 -9999 -9999 -9999 -9999 -9999 -9999 -9999 -9999 -9999 -9999 -9999 -9999 -9999 -9999 -9999 -9999 -9999 -9999 -9999 -9999 -9999 -9999 -9999 -9999 -9999 -9999 0.880673 3.039622 8.276769 15.60698 20.66569 20.34105 18.699 20.02853 21.16422 18.20349 15.03898 16.84954 22.78495 29.32926 33.80191 35.38844 34.21695 30.4383 23.91375 14.82579 7.292991 7.14752 12.29895 18.00594 23.40088 25.87315 23.67498 18.55612 12.6966 13.56497 18.94628 21.38383 20.39317 18.2427 16.59576 16.15495 17.04683 18.59727
-9999 -9999 -9999 -9999 -9999 -9999 -9999 -9999 -9999 -9999 -9999 -9999 -9999 -9999 -9999 -9999 -9999 -9999 -9999 -9999 -9999 -9999 -9999 -9999 -9999 -9999 -9999 -9999 -9999 -9999 -9999 1.654726 6.324813 12.50611 17.64951 20.27904 18.57595 16.01023 17.8231 20.77202 20.5377 18.93327 17.86951 18.69999 23.40765 29.81139 34.43076 36.26805 35.12 30.83058 23.12444 13.85785 6.481711 7.708304 13.82852 20.38702 24.3906 24.65145 23.09494 19.06167 15.10936 15.02363 15.54152 14.61785 11.84215 9.453858 8.276113 9.041993 11.58404
-9999 -9999 -9999 -9999 -9999 -9999 -9999 -9999 -9999 -9999 -9999 -9999 -9999 -9999 -9999 -9999 -9999 -9999 -9999 -9999 -9999 -9999 -9999 -9999 -9999 -9999 -9999 -9999 -9999 -9999 -9999 6.031202 12.21606 16.70568 19.29126 19.97124 16.64263 12.21868 13.80676 18.61947 21.4883 23.02164 22.73055 20.05583 17.0811 21.1011 28.19705 33.47245 35.53787 34.15306 29.2682 21.64311 13.23448 7.553678 10.76725 17.695 22.05991 22.96211 23.46929 22.93593 20.32859 14.87027 5.702402 4.394247 3.172966 0.7674564 1.56334 5.629864 9.87098
-9999 -9999 -9999 -9999 -9999 -9999 -9999 -9999 -9999 -9999 -9999 -9999 -9999 -9999 -9999 -9999 -9999 -9999 -9999 -9999 -9999 -9999 -9999 -9999 -9999 -9999 -9999 -9999 -9999 -9999 -9999 8.230703 15.31565 18.26295 19.56456 18.49728 13.73455 8.76559 9.611431 15.12607 20.27417 24.50599 26.00478 24.07071 18.32863 14.07651 17.532 25.10315 31.52991 33.46233 31.58624 26.01173 18.26431 11.08591 10.69013 16.42618 20.27056 20.94512 21.81843 23.07384 21.86464 15.87343 7.28334 6.658482 5.925658 4.246598 3.720698 7.509176 12.25296
-9999 -9999 -9999 -9999 -9999 -9999 -9999 -9999 -9999 -9999 -9999 -9999 -9999 -9999 -9999 -9999 -9999 -9999 -9999 -9999 -9999 -9999 -9999 -9999 -9999 -9999 -9999 -9999 -9999 -9999 -9999 8.25059 16.10622 18.8354 18.84727 15.73223 10.28186 6.483894 6.678809 11.25513 17.48378 23.8233 27.34579 27.11155 23.33878 17.53092 11.00329 9.224832 21.79098 28.7803 30.64876 27.61821 21.31814 14.74827 13.43816 17.2665 19.89399 20.21273 20.20588 20.85834 19.4475 14.35529 10.88613 10.55892 8.483018 5.84213 4.850958 9.262046 13.68767
-9999 -9999 -9999 -9999 -9999 -9999 -9999 -9999 -9999 -9999 -9999 -9999 -9999 -9999 -9999 -9999 -9999 -9999 -9999 -9999 -9999 -9999 -9999 -9999 -9999 -9999 -9999 -9999 -9999 -9999 -9999 8.878006 18.03613 20.09641 17.79938 13.18385 8.366846 5.743502 4.866677 7.39432 13.32344 21.17521 26.58204 27.83745 26.19728 22.59766 17.60888 6.257127 9.688596 21.26291 27.0718 26.69732 22.03189 16.47362 15.85676 18.69363 20.18677 20.01917 18.98561 17.34574 13.76849 11.16847 12.21954 12.09853 9.518198 7.492595 7.793458 11.51983 13.78387
-9999 -9999 -9999 -9999 -9999 -9999 -9999 -9999 -9999 -9999 -9999 -9999 -9999 -9999 -9999 -9999 -9999 -9999 -9999 -9999 -9999 -9999 -9999 -9999 -9999 -9999 -9999 -9999 -9999 -9999 -9999 9.742687 20.0498 20.76016 16.70583 11.91555 8.228039 6.355487 5.015938 4.801121 8.762874 17.07965 23.88438 26.28929 26.00297 23.84941 20.6363 13.26465 3.235073 13.80929 22.07944 23.73963 20.3846 16.15151 17.20882 19.43594 19.87804 19.12794 17.65041 13.31518 6.138043 7.520137 10.06665 9.09456 8.171754 10.37099 11.60524 13.24548 12.82026
-9999 -9999 -9999 -9999 -9999 -9999 -9999 -9999 -9999 -9999 -9999 -9999 -9999 -9999 -9999 -9999 -9999 -9999 -9999 -9999 -9999 -9999 -9999 -9999 -9999 -9999 -9999 -9999 -9999 -9999 -9999 11.56745 21.55736 20.99667 16.09091 11.61935 9.153342 7.983315 6.897916 5.461869 5.630773 12.7648 20.45428 23.84958 24.42685 23.13946 21.00452 16.4709 7.879262 8.568048 16.73748 19.48825 16.57315 14.00231 17.11173 18.40187 16.9683 14.6282 12.35445 6.540948 6.296344 9.612267 8.739007 6.928624 9.797273 13.61995 14.32766 13.90781 11.72242
-9999 -9999 -9999 -9999 -9999 -9999 -9999 -9999 -9999 -9999 -9999 -9999 -9999 -9999 -9999 -9999 -9999 -9999 -9999 -9999 -9999 -9999 -9999 -9999 -9999 -9999 -9999 -9999 -9999 -9999 -9999 11.21915 21.87777 21.11394 16.00992 12.23382 11.28683 10.66603 9.39066 7.545994 5.604061 9.0599 16.62028 21.18573 22.63068 21.57812 19.78002 16.56685 9.352314 5.472351 12.2688 15.31384 12.93818 12.45005 14.90686 13.9205 10.4516 6.526803 7.346432 11.60112 14.95309 12.90936 10.50365 11.14656 14.71419 17.438 17.23849 15.51281 13.23146
-9999 -9999 -9999 -9999 -9999 -9999 -9999 -9999 -9999 -9999 -9999 -9999 -9999 -9999 -9999 -9999 -9999 -9999 -9999 -9999 -9999 -9999 -9999 -9999 -9999 -9999 -9999 -9999 -9999 -9999 -9999 9.136823 19.59849 21.01414 16.15649 12.28977 12.02825 12.16608 11.1285 9.396303 7.430964 7.231818 12.87759 18.79694 21.50834 20.37318 18.50654 15.77531 8.564773 1.535297 9.530059 12.13376 10.33908 10.40031 10.29235 7.570516 3.726455 1.750435 8.854676 15.38993 16.47463 13.46085 15.16952 17.78458 19.94955 21.14555 20.31798 18.69705 16.82068
-9999 -9999 -9999 -9999 -9999 -9999 -9999 -9999 -9999 -9999 -9999 -9999 -9999 -9999 -9999 -9999 -9999 -9999 -9999 -9999 -9999 -9999 -9999 -9999 -9999 -9999 -9999 -9999 -9999 -9999 -9999 -9999 14.03495 22.08546 17.93618 11.61695 8.839259 10.23836 11.02318 10.75745 9.637743 7.57741 10.26019 17.12504 21.32458 20.69957 18.91157 16.78628 10.67235 5.511707 10.00057 11.33609 7.965079 5.761432 4.482605 2.507254 0.448013 4.903374 10.6038 12.40267 9.939171 12.07594 19.82988 23.07399 23.68072 22.92427 21.19914 19.72771 17.42197
-9999 -9999 -9999 -9999 -9999 -9999 -9999 -9999 -9999 -9999 -9999 -9999 -9999 -9999 -9999 -9999 -9999 -9999 -9999 -9999 -9999 -9999 -9999 -9999 -9999 -9999 -9999 -9999 -9999 -9999 -9999 -9999 12.70662 23.5532 21.09553 13.83657 6.993152 8.090517 10.9196 12.24305 12.11909 10.09035 10.25 16.46499 21.28046 21.49337 19.88436 17.84281 11.72212 5.431497 9.139899 10.73732 6.390199 1.930012 0.8981867 2.242877 3.506345 7.554415 12.31786 9.988191 3.685813 12.16125 22.14699 25.73993 26.12697 24.41161 21.44052 18.06392 12.85272
-9999 -9999 -9999 -9999 -9999 -9999 -9999 -9999 -9999 -9999 -9999 -9999 -9999 -9999 -9999 -9999 -9999 -9999 -9999 -9999 -9999 -9999 -9999 -9999 -9999 -9999 -9999 -9999 -9999 -9999 -9999 -9999 12.1504 20.84327 23.14649 17.03899 9.649229 8.375085 11.63121 14.24946 15.57446 14.99869 13.76969 17.11135 21.09602 22.05602 20.83042 17.50762 10.00908 1.970922 7.559575 10.51949 7.078011 3.888726 4.112566 5.563812 7.156176 10.37391 12.69969 8.527278 3.499864 12.87242 22.28797 26.44221 27.787 26.57318 22.81705 16.41809 7.061485
-9999 -9999 -9999 -9999 -9999 -9999 -9999 -9999 -9999 -9999 -9999 -9999 -9999 -9999 -9999 -9999 -9999 -9999 -9999 -9999 -9999 -9999 -9999 -9999 -9999 -9999 -9999 -9999 -9999 -9999 -9999 -9999 -9999 15.6401 23.73256 19.44091 13.21899 10.34511 12.04993 15.44946 18.29309 19.0995 17.33076 18.23847 21.18013 22.18384 20.71847 15.05717 6.23075 1.83173 8.294532 11.4233 8.760232 6.46877 7.024494 8.230341 9.506393 11.06355 11.10846 6.844486 4.411769 13.00522 21.41256 26.34284 28.94284 28.79022 25.25424 16.95743 5.298797
-9999 -9999 -9999 -9999 -9999 -9999 -9999 -9999 -9999 -9999 -9999 -9999 -9999 -9999 -9999 -9999 -9999 -9999 -9999 -9999 -9999 -9999 -9999 -9999 -9999 -9999 -9999 -9999 -9999 -9999 -9999 -9999 -9999 11.78238 20.3314 21.1197 16.61195 13.44636 12.94589 15.07517 17.73581 19.66961 19.39487 20.13875 21.90785 21.3384 18.10907 10.44701 2.182827 4.312127 9.303044 11.54546 9.945189 8.658072 9.209599 9.637021 9.722635 9.856246 9.437492 6.456117 5.834934 12.81038 20.41823 25.87425 29.09309 29.82586 27.4321 20.16589 9.356898
-9999 -9999 -9999 -9999 -9999 -9999 -9999 -9999 -9999 -9999 -9999 -9999 -9999 -9999 -9999 -9999 -9999 -9999 -9999 -9999 -9999 -9999 -9999 -9999 -9999 -9999 -9999 -9999 -9999 -9999 -9999 -9999 -9999 -9999 14.23878 22.87212 20.20941 17.48087 15.43521 14.78821 15.4147 17.82269 19.50131 20.93441 21.64845 19.05678 13.14892 4.378088 3.039369 6.622415 10.35133 11.75792 11.37506 10.70247 10.1877 9.645153 9.588913 9.868485 9.580907 7.510632 7.321246 12.81576 19.76671 25.10814 28.20932 29.23289 27.95933 23.50027 16.19357
-9999 -9999 -9999 -9999 -9999 -9999 -9999 -9999 -9999 -9999 -9999 -9999 -9999 -9999 -9999 -9999 -9999 -9999 -9999 -9999 -9999 -9999 -9999 -9999 -9999 -9999 -9999 -9999 -9999 -9999 -9999 -9999 -9999 -9999 12.7909 20.10236 23.72838 21.60676 18.6697 14.87532 10.8397 11.3651 13.95653 16.83642 18.03064 15.01462 8.786045 3.187941 3.973955 7.174447 10.75668 12.07902 12.34144 11.58003 10.13596 8.977761 9.056008 9.54165 9.175368 7.683282 7.812858 12.95634 19.50524 24.14425 27.04008 28.10969 27.38048 25.17553 21.90145
-9999 -9999 -9999 -9999 -9999 -9999 -9999 -9999 -9999 -9999 -9999 -9999 -9999 -9999 -9999 -9999 -9999 -9999 -9999 -9999 -9999 -9999 -9999 -9999 -9999 -9999 -9999 -9999 -9999 -9999 -9999 -9999 -9999 -9999 -9999 15.65652 26.0807 24.84759 21.78022 16.53455 8.835372 4.183078 6.289651 10.98079 13.25402 11.27431 8.596497 8.618876 8.48022 9.485158 11.52649 12.41786 12.417 11.15755 9.535883 8.254716 7.946921 7.830039 7.380384 6.348789 6.681095 12.31464 18.6877 22.71259 25.52821 26.64093 26.11264 25.01931 23.83908
-9999 -9999 -9999 -9999 -9999 -9999 -9999 -9999 -9999 -9999 -9999 -9999 -9999 -9999 -9999 -9999 -9999 -9999 -9999 -9999 -9999 -9999 -9999 -9999 -9999 -9999 -9999 -9999 -9999 -9999 -9999 -9999 -9999 -9999 -9999 13.70626 22.24877 26.91418 24.44437 19.32514 12.08916 7.465116 7.290591 10.9505 12.95894 10.8314 9.133837 11.48364 13.15696 14.14515 14.12687 13.34222 12.3759 10.78527 9.203746 7.291759 6.082497 5.781415 6.152887 5.512345 5.818768 11.09457 16.81396 20.75318 23.54514 24.88491 24.73121 24.45948 24.36155
-9999 -9999 -9999 -9999 -9999 -9999 -9999 -9999 -9999 -9999 -9999 -9999 -9999 -9999 -9999 -9999 -9999 -9999 -9999 -9999 -9999 -9999 -9999 -9999 -9999 -9999 -9999 -9999 -9999 -9999 -9999 -9999 -9999 -9999 -9999 -9999 16.54339 27.18673 25.94924 21.66656 15.77631 11.57209 10.4787 13.68644 15.94776 13.09002 7.260689 9.657974 15.48354 17.93073 17.19757 14.68705 12.43652 10.49504 8.940529 6.404353 4.879323 6.177886 7.553823 6.757351 7.266871 11.00425 15.36912 19.06173 21.56047 22.8777 23.08025 23.48731 24.458
-9999 -9999 -9999 -9999 -9999 -9999 -9999 -9999 -9999 -9999 -9999 -9999 -9999 -9999 -9999 -9999 -9999 -9999 -9999 -9999 -9999 -9999 -9999 -9999 -9999 -9999 -9999 -9999 -9999 -9999 -9999 -9999 -9999 -9999 -9999 -9999 12.99239 21.17332 26.15416 23.19516 18.43857 14.47856 12.77844 15.4551 18.01579 16.01993 8.008891 5.33113 15.32631 19.69643 19.18393 15.97403 12.88303 10.29918 8.388171 5.905677 6.010716 9.423303 10.35987 8.342402 8.837936 11.42949 14.63612 17.81833 19.72406 20.25386 20.28262 21.22395 23.17163
