slope.asc
ncols         469
nrows         365
xllcorner     198538.8800233
yllcorner     438669.69527598
cellsize      10
NODATA_value  -9999
[rows 240 to 269 of 365, columns 138 to 206 of 469]
24.53264 26.6842 13.9303 -9999 -9999 -9999 -9999 -9999 -9999 -9999 -9999 -9999 -9999 -9999 -9999 -9999 7.265993 12.65389 16.46223 20.77518 23.03724 23.12795 20.81944 17.71697 16.51294 17.36078 19.15922 20.95586 22.02363 22.94241 23.56958 23.9333 22.71019 17.67303 10.90083 6.158289 8.828793 11.45752 8.257186 6.644238 8.476652 10.54228 13.16794 16.18066 19.51831 21.79364 21.77316 19.68578 17.81662 16.7588 16.24165 15.98619 15.51131 16.20385 18.15436 20.04399 20.11896 17.96251 16.02777 17.7927 19.23072 17.49086 17.12128 18.1281 18.49037 18.67282 19.40057 20.21621 20.52622
21.61963 24.841 16.799 -9999 -9999 -9999 -9999 -9999 -9999 -9999 -9999 -9999 -9999 -9999 -9999 6.046023 11.2538 14.48889 17.98616 22.42593 24.67248 24.20984 21.71522 19.34884 19.18411 20.09271 21.10602 22.18307 22.65385 23.02851 23.13978 22.75885 20.19998 13.05729 5.118339 6.408093 12.29789 14.07415 10.4683 7.36084 7.180068 8.723337 11.87685 15.36748 18.6767 20.52998 20.74258 19.3855 17.7725 16.8546 16.3601 15.54007 14.2975 14.97676 17.62438 20.1114 20.28686 17.78316 14.44652 15.40646 18.90565 17.41023 14.11076 13.49175 14.17927 15.23239 16.32338 17.09254 17.50451
20.52146 22.95071 22.08228 11.65368 -9999 -9999 -9999 -9999 -9999 -9999 -9999 -9999 -9999 -9999 -9999 6.72541 12.35316 15.52576 19.20587 24.04446 26.44094 25.42294 22.40731 19.98289 19.69861 20.18898 20.95317 22.21718 22.95084 23.31011 23.05309 21.63586 17.67742 8.908358 5.999549 12.09714 16.52802 16.1506 11.93867 8.382042 7.179456 8.775846 12.02645 15.44799 17.97976 18.90291 19.06493 17.78332 16.03322 14.71735 14.0363 13.2168 12.23865 13.97425 17.26145 19.31961 18.94953 17.29558 14.92299 14.26198 17.86642 18.71494 15.05462 11.20173 10.67625 12.3991 14.00987 15.03209 15.25574
21.34772 22.61946 23.05502 12.14731 -9999 -9999 -9999 -9999 -9999 -9999 -9999 -9999 -9999 -9999 -9999 -9999 10.53204 15.93585 20.63896 25.93218 27.92312 26.13877 22.33755 19.05158 17.37009 17.41965 18.64955 20.41032 21.79208 22.44977 21.98327 19.47899 13.61103 5.764007 12.72279 17.90742 19.62366 16.87101 11.94808 8.473938 7.367927 9.35186 12.88667 15.93395 17.64033 18.16094 18.0765 16.3948 14.77057 13.25336 11.31097 9.595344 9.89376 13.57174 17.5182 18.91632 18.05015 17.44013 16.917 16.46404 18.47261 19.75086 16.38251 11.15325 9.488328 11.22904 12.98227 14.17122 14.1909
20.94783 22.40927 22.13312 12.76118 -9999 -9999 -9999 -9999 -9999 -9999 -9999 -9999 -9999 -9999 -9999 6.077582 11.92079 15.78685 21.70789 27.55311 29.27685 27.00862 22.36932 18.28292 15.54781 14.60041 15.5874 17.40095 19.38006 19.84008 18.23336 13.97259 6.574024 9.183227 18.78604 21.67823 20.2838 15.34553 10.39855 7.924376 7.04514 9.121876 13.29672 16.15961 17.45642 18.39634 18.05587 15.8842 14.40986 12.93704 9.453636 6.574415 8.959864 14.5092 18.65399 19.11369 18.09796 18.18314 18.75288 19.32022 20.49204 20.79699 17.71442 12.80229 10.68287 11.99852 13.32998 13.62983 13.1429
19.27964 16.0148 13.30866 9.567153 -9999 -9999 -9999 -9999 -9999 -9999 -9999 -9999 -9999 -9999 -9999 5.331652 10.21335 15.68545 21.95386 28.00156 30.09079 28.25979 23.7762 19.54634 16.38147 14.37778 14.57685 16.1976 18.60535 18.83876 15.56771 9.37899 1.874966 13.13711 21.94342 23.03953 18.90411 12.47098 7.934191 6.732111 6.981051 9.529561 13.91422 16.62668 17.76777 19.16624 18.41268 15.68784 13.84845 12.36043 8.755705 6.791593 10.92725 17.11406 20.03361 18.94436 17.65121 17.82081 18.44159 19.29146 20.50554 20.64717 17.97415 13.49082 11.16365 12.62526 13.89419 13.02254 11.95612
17.53359 12.54043 -9999 -9999 -9999 -9999 -9999 -9999 -9999 -9999 -9999 -9999 -9999 -9999 -9999 -9999 8.14247 16.59853 22.11067 27.46424 29.72746 28.65792 25.24409 21.68101 18.20983 15.29935 14.95605 16.31655 18.79268 19.17788 14.95121 7.95977 2.281077 14.69972 22.89106 23.41482 18.29106 11.4007 6.480423 4.991485 6.790344 10.16884 14.56221 17.38315 18.82816 20.19687 18.54918 15.06547 12.67891 11.50569 8.806399 7.029896 11.51436 17.47289 19.03821 17.44378 17.03349 17.91915 18.6839 19.04334 19.4221 18.88689 16.27439 12.49931 11.62178 13.82742 14.22281 12.23674 11.33711
16.06909 9.807668 -9999 -9999 -9999 -9999 -9999 -9999 -9999 -9999 -9999 -9999 -9999 -9999 -9999 -9999 9.554253 18.42484 22.79479 26.93835 28.85546 28.2324 25.94233 23.29239 19.76835 16.22464 15.58732 16.73082 19.05391 19.76388 15.2078 7.879431 3.625973 15.25002 22.5072 23.08536 19.39681 13.69548 7.863628 4.201158 6.29693 10.48005 14.90436 17.92937 20.11234 21.15418 18.52189 14.42131 11.54309 10.11987 7.2686 4.280531 9.90239 16.22018 17.48817 15.09016 13.73615 14.84622 16.67063 17.46154 17.37145 16.01708 12.94691 9.404557 11.55174 14.88448 14.65886 13.63296 14.35203
15.80379 7.579494 -9999 -9999 -9999 -9999 -9999 -9999 -9999 -9999 -9999 -9999 -9999 -9999 -9999 -9999 10.557 20.37619 23.92057 26.87434 28.25531 27.85894 26.37004 24.39919 21.08179 17.26108 16.47998 17.40383 19.11208 19.97289 15.44223 7.552563 4.298122 15.52876 21.42989 21.89901 20.3442 16.95458 10.77804 5.250635 6.357568 11.02652 15.57187 18.74338 21.2747 21.70091 18.77967 14.83663 11.7363 9.653286 6.272176 1.783474 8.911047 15.60821 17.67092 15.33224 11.99629 10.51003 12.28467 13.82748 14.21099 13.0156 10.05254 7.345096 10.791 13.86072 14.68534 15.77803 17.12441
12.80683 6.632475 -9999 -9999 -9999 -9999 -9999 -9999 -9999 -9999 -9999 -9999 -9999 -9999 -9999 -9999 13.99799 22.23667 25.32812 27.30661 28.06684 27.69128 26.66799 25.13177 22.2308 18.39031 17.0864 17.47872 18.22798 18.80784 14.357 6.487692 5.481829 15.4669 20.29522 20.79058 20.87349 19.50488 13.43522 6.928046 6.88482 11.18967 16.09466 19.84419 22.28656 22.18184 19.84839 16.64161 13.60275 10.61936 6.450356 2.084569 7.974129 14.25856 17.46894 16.85002 14.36855 11.16177 10.0481 10.6301 11.57359 11.3306 10.05421 9.799541 11.99885 13.6194 15.56116 17.26733 18.22022
7.914004 -9999 -9999 -9999 -9999 -9999 -9999 -9999 -9999 -9999 -9999 -9999 -9999 -9999 -9999 10.43834 17.77396 23.87976 26.70285 28.12478 28.34155 27.53829 26.43178 25.18616 22.75019 18.72886 16.39254 16.30647 16.74294 16.96164 13.351 9.947838 11.96613 17.20201 20.53581 21.38021 21.88704 20.85198 15.39587 9.189309 8.486317 11.906 16.50421 20.81123 23.35135 23.16546 21.50387 19.04243 16.36092 12.80987 7.886803 4.132868 6.711845 11.4762 15.78579 17.58776 17.01747 14.27843 10.90401 8.882534 9.663983 10.0737 10.40791 12.61024 15.96859 18.08213 20.07076 21.38297 21.88693
5.249067 -9999 -9999 -9999 -9999 -9999 -9999 -9999 -9999 -9999 -9999 -9999 -9999 -9999 10.26651 14.8507 20.48002 25.23558 27.93718 29.19964 28.93933 27.08439 25.13748 24.02235 22.03726 18.13789 15.79459 16.21155 17.12687 16.78655 14.25291 13.96268 16.97951 20.54701 22.4874 23.08368 23.0934 21.78865 17.25163 11.81438 10.58729 13.29158 17.14221 21.17455 23.89399 24.09669 23.08009 21.32435 19.24938 15.83005 10.193 4.863313 4.650902 8.186561 13.05001 16.85361 18.66876 17.98293 14.69787 10.7978 9.444791 9.000308 10.51184 14.04982 18.94932 22.33349 24.17252 25.03265 25.29589
4.274313 -9999 -9999 -9999 -9999 -9999 -9999 -9999 -9999 -9999 -9999 -9999 1.4393 9.258959 14.98164 17.59198 22.23873 26.41319 28.95585 30.031 29.05979 25.68526 22.59212 21.81578 20.81545 18.87863 18.45126 19.498 20.61693 19.48187 16.43991 16.34428 19.71121 22.86917 23.95385 23.93159 23.19304 21.5981 17.40927 12.19458 10.61265 12.89789 16.76868 20.72341 23.63409 24.30323 23.78589 22.72769 21.4257 18.86727 13.92749 7.843425 3.410976 4.935765 9.783648 14.61307 18.59994 20.72437 19.2991 15.62002 12.96149 11.12043 11.23238 12.85832 17.01672 21.34384 23.93888 25.26377 25.86929
-9999 -9999 -9999 -9999 -9999 -9999 -9999 -9999 -9999 -9999 -9999 -9999 -9999 8.132113 15.96229 19.49619 23.8698 27.29548 29.31027 29.81963 28.112 23.85116 20.59881 21.05079 21.92443 22.32455 22.76775 23.27597 23.94426 22.12583 17.42858 15.5112 18.51363 21.55775 22.67616 23.05908 22.37268 20.57312 16.44703 11.52528 9.943553 11.95012 15.87433 20.06878 23.2451 24.11496 23.92479 23.52888 22.88257 21.19542 17.57861 12.38631 6.741321 2.413181 5.538722 10.75658 15.9529 20.36345 21.61357 19.67866 17.34158 15.34538 14.14666 13.21938 14.11562 17.12626 20.00814 22.21327 23.56434
8.651977 -9999 -9999 -9999 -9999 -9999 -9999 -9999 -9999 -9999 -9999 -9999 -9999 6.626104 15.55516 21.00401 25.25541 27.72123 28.71103 28.30013 26.24948 22.73187 21.02236 22.50216 24.07808 24.72332 24.69897 24.5066 24.82505 22.83038 17.06101 13.22911 15.87894 19.31848 20.73195 21.44423 21.11367 19.56641 15.9297 11.89994 10.62984 12.39879 15.9136 19.89518 23.15623 24.12864 24.12441 24.12428 23.68143 22.466 19.92867 15.89377 10.85827 5.539956 1.433992 5.99864 11.93151 17.70129 21.2336 21.56071 20.37077 18.98277 18.11359 17.4063 16.21991 15.78927 16.59255 18.12728 19.33454
10.53545 -9999 -9999 -9999 -9999 -9999 -9999 -9999 -9999 -9999 -9999 -9999 -9999 5.244474 15.0269 22.2825 26.24622 27.6149 27.24512 25.58048 23.30967 21.7676 21.97344 23.21933 24.16383 24.20698 23.57888 23.24306 24.08296 22.57374 16.13085 10.63637 13.99881 18.60489 20.39835 20.65486 19.97248 18.21572 15.13818 12.55572 11.92468 13.03215 15.81454 19.55748 22.68896 23.78496 23.90437 24.05689 23.82937 23.13593 21.73333 19.20885 15.20673 10.25524 5.351544 1.946976 7.090191 13.60451 18.96235 21.31469 21.22734 21.18005 21.83844 22.01408 20.19421 17.65138 16.0899 16.05954 16.27411
9.979779 -9999 -9999 -9999 -9999 -9999 -9999 -9999 -9999 -9999 -9999 -9999 -9999 4.763208 15.00396 23.32895 26.66912 26.7947 24.94289 22.2851 20.9662 21.72357 22.54962 22.87673 22.82605 22.23007 21.14369 20.74109 22.10329 21.44767 14.36557 6.579595 12.66792 18.80874 20.86092 20.65782 19.25365 16.97474 14.31305 12.56246 12.07337 12.34672 14.25341 17.92187 21.19305 22.67688 23.22886 23.67379 23.70343 23.3419 22.59803 21.61518 19.09191 14.65333 10.34504 6.413684 4.932481 9.500072 15.99184 19.73934 20.54118 22.36895 24.99868 25.96021 23.69726 19.66554 16.37126 15.29262 15.02613
-9999 -9999 -9999 -9999 -9999 -9999 -9999 -9999 -9999 -9999 -9999 -9999 -9999 4.637598 15.36417 23.77199 26.1616 24.88793 21.98479 20.2257 20.99029 22.21989 22.33306 21.50775 21.18785 21.29927 20.40136 19.54392 20.73269 20.6636 13.28977 4.671055 13.89065 20.5576 21.96016 21.06138 18.93925 16.13619 13.38762 11.11184 10.33314 10.80105 12.5381 15.85047 19.04037 21.01353 22.03294 22.95966 23.37669 22.97203 22.08205 21.71043 20.58899 17.48091 14.26513 11.28924 8.875821 8.976048 13.9732 18.17014 19.7992 23.20757 27.23613 28.66611 25.91574 20.90347 16.6629 15.02468 14.66217
-9999 -9999 -9999 -9999 -9999 -9999 -9999 -9999 -9999 -9999 -9999 -9999 -9999 4.875339 14.42769 23.24187 24.37667 22.04651 20.23316 20.93811 21.82765 21.86986 21.2134 20.75289 22.09635 23.20689 22.1071 20.16515 19.72315 18.67567 11.77589 8.510427 17.6601 23.34693 23.49214 21.64195 19.10916 16.12322 13.15642 10.34526 9.54409 10.1118 11.29962 13.92211 16.71843 19.04249 20.37287 21.58908 22.51784 22.11094 20.93181 20.38484 19.62869 17.74771 16.21271 15.3987 14.73647 13.86079 14.84961 17.61618 19.72901 23.49263 27.95821 29.81934 27.19665 21.94861 17.56169 15.62742 15.06381
15.85951 14.65689 8.949767 -9999 -9999 -9999 -9999 -9999 -9999 -9999 -9999 -9999 -9999 -9999 11.40395 21.5759 21.63733 20.14213 21.09492 22.31205 22.02477 20.98245 21.05741 23.2752 25.76696 26.21021 23.93147 20.42849 17.41958 14.20198 9.425171 12.84994 20.78459 24.95754 24.06088 21.52458 18.95794 16.30167 13.40455 10.71303 10.24986 11.0566 11.64912 13.01125 15.09999 17.55704 19.28825 20.73509 21.99281 21.71715 20.33154 18.93665 17.24758 15.24833 14.85955 16.15222 17.22255 17.38201 17.46897 18.51532 20.20835 23.30935 27.29212 29.49272 27.76785 23.05296 18.66477 16.47341 15.44166
15.52544 18.4921 12.94063 -9999 -9999 -9999 -9999 -9999 -9999 -9999 -9999 -9999 -9999 -9999 8.21102 15.28037 14.93815 19.96062 21.40104 21.83105 21.20874 21.1521 23.8857 27.37202 29.40396 28.48804 24.38025 19.0553 13.97201 8.705395 7.957055 15.77639 22.54155 25.41318 23.79626 20.75527 18.15243 15.43767 12.15489 9.653916 9.778774 11.38626 12.32765 12.86504 13.88706 15.91628 17.98453 19.94782 21.65266 21.67454 20.28865 18.32767 15.02857 11.86549 12.75235 15.66211 17.68679 18.58917 19.2358 20.14574 21.10249 22.99463 25.83715 27.87998 27.26153 23.86123 19.84042 17.55428 16.033
15.41293 18.58608 15.04169 9.200716 -9999 -9999 -9999 -9999 -9999 -9999 -9999 -9999 -9999 -9999 -9999 -9999 8.867376 11.21654 15.01164 18.93235 20.50877 23.33786 27.23057 30.48244 31.65046 29.31314 23.18345 16.07203 9.986322 6.195379 12.04024 19.65977 24.30441 25.4684 23.15407 19.7807 16.97975 13.73062 10.10756 7.947561 8.591742 10.49552 11.69319 12.16158 12.54764 13.94452 16.17282 18.91868 21.16005 21.23099 20.21493 18.51838 13.87743 10.96561 14.52613 18.68909 21.06992 21.97588 22.38271 23.01245 23.3148 23.59215 24.44046 25.35735 25.59288 24.06716 21.06368 18.73262 17.4814
18.57013 14.91502 11.10144 -9999 -9999 -9999 -9999 -9999 -9999 -9999 -9999 -9999 -9999 -9999 -9999 -9999 -9999 -9999 9.824418 16.80564 21.52593 25.37122 29.0832 31.94536 32.31734 29.03837 21.62928 13.68918 8.717793 10.35736 17.30678 23.01438 25.42874 25.02261 22.14381 18.44838 15.35545 11.98638 8.761003 7.083593 7.930032 9.658459 10.36029 10.5897 11.00413 12.55028 15.43185 18.83059 20.8215 19.97387 18.85942 17.34855 14.43431 16.2293 20.58536 23.47979 24.74323 25.34615 25.7245 26.21011 26.12104 25.415 24.3205 23.04154 23.13533 23.40498 22.00087 20.19071 19.50319
11.42756 9.619053 -9999 -9999 -9999 -9999 -9999 -9999 -9999 -9999 -9999 -9999 -9999 -9999 -9999 -9999 -9999 -9999 7.987604 17.54968 23.09918 26.50217 29.52134 31.6165 31.44051 28.11194 21.17441 14.23884 11.01667 14.54865 21.0588 25.28403 26.04616 24.30884 20.77129 16.93285 13.94921 10.87022 8.117059 6.828866 8.03511 10.13064 10.01736 9.692791 10.67649 12.79963 15.98047 19.48569 20.97344 18.46474 15.18808 13.76126 16.92891 22.39594 25.91669 26.90312 26.75712 26.9394 27.29906 27.68995 27.39148 26.26565 24.47615 22.10556 21.25209 22.21725 22.34285 21.70053 21.38804
-9999 -9999 -9999 -9999 -9999 -9999 -9999 -9999 -9999 -9999 -9999 -9999 -9999 -9999 -9999 -9999 -9999 -9999 10.3557 19.33732 24.44262 27.13524 28.98016 29.94939 29.30289 26.32348 20.72395 15.72896 14.06029 17.56544 22.78808 25.55447 24.95385 22.17533 18.56408 15.38636 13.16282 10.83815 8.593275 7.106801 8.415867 10.99379 10.59674 10.17993 11.77128 14.24391 17.13394 20.23614 21.31902 16.94748 9.395402 9.922952 18.38447 24.36762 27.13985 27.51741 27.152 27.14885 27.21037 27.34477 26.94802 25.58175 23.56299 21.32875 20.24011 21.02002 21.85069 22.32323 22.49158
-9999 -9999 -9999 -9999 -9999 -9999 -9999 -9999 -9999 -9999 -9999 -9999 -9999 -9999 -9999 -9999 -9999 6.313368 13.65055 21.22838 25.54452 27.37046 27.97353 27.78138 26.62014 23.823 19.30532 16.02931 15.43348 18.36547 22.45877 24.42889 23.04333 20.0067 17.14826 15.0784 13.72892 11.85524 9.922454 8.679298 9.577907 11.15493 11.12513 11.40107 13.44831 16.24119 18.80507 20.81839 21.02588 15.26994 3.207593 11.01047 19.52132 23.88871 25.59888 25.91725 26.00212 26.32025 26.4101 26.42388 25.94927 24.70096 23.00013 21.02797 19.87005 20.35995 21.35443 22.27608 22.69905
-9999 -9999 -9999 -9999 -9999 -9999 -9999 -9999 -9999 -9999 -9999 -9999 -9999 -9999 -9999 -9999 2.93532 8.02831 15.47453 22.84719 26.34253 27.23884 26.65842 25.37074 23.93346 21.85608 18.5487 16.22048 15.60662 17.15352 20.53331 22.79375 21.67737 19.09856 16.92339 15.12762 13.36896 11.13684 10.21877 10.9388 11.89555 11.9513 12.0637 12.88135 15.06241 18.19951 20.50705 21.02186 19.61711 12.44065 4.04399 16.60226 21.70871 23.01774 23.30126 23.55906 23.88301 24.61288 25.1023 25.06436 24.4184 23.67083 23.16133 22.24616 21.21373 21.06539 21.50467 21.99021 22.3696
5.124469 -9999 -9999 -9999 -9999 -9999 -9999 -9999 -9999 -9999 -9999 -9999 -9999 -9999 -9999 -9999 4.291016 9.023739 16.7742 23.86181 26.69596 26.71591 24.89267 22.57625 21.3519 20.48773 18.31332 16.10734 14.62785 14.73584 17.83183 21.03553 20.87893 18.7796 16.46691 14.23556 11.87478 9.579064 9.42027 11.37651 13.33074 13.38919 13.58803 14.43464 16.38867 19.61987 21.66847 21.00569 17.90191 8.985847 8.569149 20.12753 23.34434 22.76848 21.76952 21.48105 21.28013 22.0586 23.21703 23.51051 22.97004 22.81837 23.35369 23.62971 23.1688 22.4281 21.8613 21.5793 22.02617
8.510044 5.544194 -9999 -9999 -9999 -9999 -9999 -9999 -9999 -9999 -9999 -9999 -9999 -9999 -9999 -9999 3.776149 8.851789 15.94949 24.23586 26.63096 25.92122 22.82322 19.71364 18.98563 19.43474 18.39225 15.76062 12.82175 12.10508 15.66011 19.82036 20.96782 19.52116 16.20741 12.6763 10.38653 8.835419 8.968169 10.89655 13.44331 14.48199 15.19559 16.28923 18.0476 20.80847 22.52321 21.80961 17.9988 7.473332 10.67556 21.51588 24.12768 22.74493 20.9615 20.12345 19.51924 20.05152 21.40919 22.40575 22.63471 22.8547 23.36995 23.92635 24.09689 23.35073 22.24421 21.71559 22.33431
11.52972 11.34358 7.017318 -9999 -9999 -9999 -9999 -9999 -9999 -9999 -9999 -9999 -9999 -9999 -9999 -9999 -9999 -9999 12.58892 21.10298 26.39405 25.24626 21.20237 17.81679 17.53798 19.00526 19.26867 16.6991 12.29663 10.01751 14.02644 18.92165 20.84524 19.96361 14.44302 7.859688 6.476551 7.016181 8.259483 10.16483 12.54617 14.44019 16.23117 18.06916 19.84622 21.85646 23.25884 23.01958 19.33577 9.186028 12.01377 21.98492 24.7113 23.39029 21.26291 20.05011 19.33545 19.46088 20.27605 21.36448 22.33503 22.82529 22.92093 23.18274 23.6869 23.48201 22.49128 22.03178 22.875
