slope.asc
ncols         469
nrows         365
xllcorner     198538.8800233
yllcorner     438669.69527598
cellsize      10
NODATA_value  -9999
[rows 120 to 149 of 365, columns 276 to 344 of 469]
31.71026 31.80237 31.2929 30.32359 28.7156 26.53884 24.08156 20.79923 17.71249 18.37457 21.26837 23.30779 25.5991 27.13894 26.80194 26.6744 28.49413 30.79403 32.267 33.35699 33.89597 32.93794 30.66649 28.30165 26.63004 25.47365 24.23276 22.87049 21.81247 21.34657 20.90256 20.32166 19.17825 17.88924 17.50607 17.60395 18.00319 18.71367 19.7007 20.71388 21.37276 22.28787 23.32127 24.11853 24.36664 23.98685 22.9979 21.09824 19.74747 19.61005 19.23821 19.16977 19.84064 20.61579 21.09051 21.47093 22.13545 22.82208 23.64879 25.02518 14.83931 -9999 -9999 -9999 -9999 -9999 -9999 -9999 -9999
31.45943 31.74784 32.10924 32.19292 31.82553 31.0476 29.42652 26.45829 22.93104 20.24102 18.50978 17.51616 20.04681 23.47388 24.19784 24.98587 28.15774 31.69762 33.81939 34.87201 35.10283 34.05435 31.71986 28.95329 26.66845 25.11454 23.47906 22.04879 21.80099 22.54966 23.54349 24.03647 23.28182 21.86101 20.77942 19.61028 18.60694 18.21123 18.14724 18.47916 19.24584 20.13616 20.19217 19.65504 18.79799 17.92024 17.66192 15.76378 12.54276 11.59381 11.38908 11.1056 11.83815 13.24588 14.63926 15.73219 18.09222 20.67381 22.6428 24.73989 14.63483 -9999 -9999 -9999 -9999 -9999 -9999 -9999 -9999
29.03011 28.75749 29.42569 30.68602 32.03949 32.88513 32.66979 31.46431 29.74564 27.23944 23.36921 18.69565 16.4338 18.08056 18.46169 19.74281 24.80292 30.26083 33.62768 35.06133 35.19486 34.15294 31.99147 29.10297 26.42597 24.62903 22.81078 21.50964 21.88118 23.49323 25.39205 26.73221 26.70953 25.50299 24.13795 22.20469 19.75165 17.70872 16.00945 14.65263 13.86354 13.46326 12.44654 10.81349 9.293754 9.203568 11.61085 11.57491 8.568636 9.229306 9.515923 7.603973 6.853964 9.162763 11.24859 11.67179 14.98582 18.52508 20.03343 22.12424 13.58644 -9999 -9999 -9999 -9999 -9999 -9999 -9999 -9999
26.07768 24.64567 24.87869 27.03709 29.9528 32.12678 33.20818 33.43721 32.85401 31.26275 28.57483 25.01504 20.89486 17.0265 13.16509 12.08702 18.4535 26.57628 31.91579 34.24911 34.43026 33.31803 31.28803 28.38136 25.36312 23.23141 21.53922 20.9033 22.15066 24.31797 26.26983 27.7049 27.97244 26.90947 25.71478 23.8372 20.86286 17.81289 14.49685 11.17265 8.483706 7.012188 5.950206 5.397772 9.04381 14.05699 17.87843 18.90466 18.2124 18.82253 18.59381 17.79543 18.2093 19.74808 20.15879 19.22762 19.70945 20.14023 19.29177 16.13571 14.817 8.35773 -9999 -9999 -9999 -9999 -9999 -9999 -9999
23.15541 21.4067 21.67353 23.55217 26.37444 29.09442 31.05338 32.27474 32.56182 31.99608 30.80225 29.02087 26.37673 22.37107 17.11798 12.12474 12.94148 21.48757 29.01754 32.9045 33.54289 32.33942 30.15641 27.00438 23.32265 20.49547 19.17676 19.78623 21.82653 23.82066 25.29877 26.5969 27.06884 26.12649 25.19082 24.14082 22.17646 19.29249 14.95229 10.64075 8.165502 7.640274 8.753887 11.38891 16.0807 20.36587 22.17385 21.58932 20.27835 20.05461 20.58226 22.05277 24.24442 26.16308 26.4101 25.50476 24.55661 22.51077 15.55423 10.05664 -9999 -9999 -9999 -9999 -9999 -9999 -9999 -9999 -9999
20.3056 19.08776 20.69847 23.32008 24.57585 25.53454 26.68755 28.18412 29.82004 31.00068 31.58373 31.43419 30.39745 28.29583 25.23363 21.65239 17.98513 18.51132 25.11738 30.85243 32.68263 31.78629 29.38248 25.61235 20.76299 17.40546 16.614 17.66592 19.40642 20.66557 21.5209 22.66776 23.72381 23.90883 24.15495 24.22638 23.43358 21.24471 16.52099 11.53885 9.355324 9.868685 12.11401 14.9474 18.3121 20.58699 20.11598 18.13253 16.25169 15.35092 16.34166 19.22535 22.67052 25.07131 25.16797 23.51078 18.25983 13.1068 9.410872 -9999 -9999 -9999 -9999 -9999 -9999 -9999 -9999 -9999 -9999
19.45874 17.15474 18.91585 23.38404 25.68653 25.64961 24.411 23.55636 25.69565 28.92468 31.45493 32.77907 32.90425 31.94576 30.01332 27.14049 22.91345 18.17622 20.02467 27.32497 31.36442 31.46717 29.10062 24.48879 18.49908 14.96249 14.45225 15.30157 16.26333 16.66472 16.81705 17.78421 19.71242 21.70731 23.69435 24.90177 24.91606 23.05294 17.90991 12.30695 10.03862 11.27636 14.03094 16.398 17.65276 17.49091 15.63676 13.29916 11.81887 11.5913 13.23211 16.02467 18.18962 19.11145 17.39458 13.06695 8.647463 -9999 -9999 -9999 -9999 -9999 -9999 -9999 -9999 -9999 -9999 -9999 -9999
23.4922 18.04244 15.56441 20.50636 25.86875 27.733 26.5907 22.99663 22.28419 25.64019 29.42676 32.00996 33.04407 32.78502 31.48846 29.11827 25.22874 19.03525 14.76447 22.00035 29.01418 30.80105 28.95239 23.67951 17.39364 14.28835 14.01839 14.69357 14.93264 14.41907 13.59066 14.34151 17.2925 21.05203 24.36803 26.16557 26.24278 24.06747 18.53466 12.62489 10.23851 11.73634 14.56284 16.49887 16.41714 15.13654 14.08683 13.70397 14.21604 14.78194 15.89169 17.76005 17.50607 12.80844 8.606606 4.31141 -9999 -9999 -9999 -9999 -9999 -9999 -9999 -9999 -9999 -9999 -9999 -9999 -9999
28.83426 22.80306 15.37079 15.78392 23.37391 27.74791 28.90961 26.8735 24.404 24.0373 25.40545 27.97289 29.8264 30.3708 30.03054 28.87976 26.49776 21.61987 14.17315 15.89261 24.8642 28.99502 28.24473 23.06913 17.3948 15.16135 15.17187 15.31164 14.57413 13.20705 12.28107 13.74866 17.40512 22.12433 25.57283 27.05943 26.70995 24.10304 18.431 12.67837 10.36226 11.55733 13.99916 15.51777 15.61286 15.54304 16.81138 18.56235 19.99891 20.8781 21.39879 22.13026 19.42885 11.55032 -9999 -9999 -9999 -9999 -9999 -9999 -9999 -9999 -9999 -9999 -9999 -9999 -9999 -9999 -9999
32.13008 28.7637 22.73927 16.30421 18.9396 24.64549 28.577 29.79742 29.11263 27.12653 23.57692 22.22531 24.11147 25.91208 27.095 27.71099 27.42947 24.7928 18.17145 12.29209 19.17318 25.60073 25.83689 21.14309 17.03128 16.59369 17.09669 16.50129 14.41864 11.80541 11.80908 14.74189 18.72674 23.42778 26.27706 27.13935 26.20003 23.12712 17.86045 13.13084 11.22901 11.73452 13.69064 15.42315 16.61394 18.54278 21.28474 23.58252 25.2059 26.43212 27.01481 27.06582 19.78119 -9999 -9999 -9999 -9999 -9999 -9999 -9999 -9999 -9999 -9999 -9999 -9999 -9999 -9999 -9999 -9999
32.48002 32.18438 29.78865 23.98954 18.45603 19.92022 25.71487 29.94997 31.51575 30.81159 26.49758 19.28185 17.67993 21.36588 24.56937 26.83177 28.25197 27.43451 22.66628 15.10967 14.82713 21.03763 21.51426 17.10043 14.7161 15.62309 16.24081 15.55322 13.81975 12.10441 13.72142 16.61933 19.91216 23.94431 26.13831 26.33704 24.76837 21.27902 17.44002 14.76527 13.85781 14.52012 16.09536 18.10933 20.43719 23.15474 25.31948 26.70498 28.03221 29.55728 30.69637 30.79033 17.4239 -9999 -9999 -9999 -9999 -9999 -9999 -9999 -9999 -9999 -9999 -9999 -9999 -9999 -9999 -9999 -9999
30.2362 31.75877 32.03892 29.42095 23.98759 19.44238 22.2345 27.80779 31.19762 32.3755 30.01464 22.63688 16.12822 19.13412 23.42677 26.37098 28.66179 29.17474 26.28106 20.09279 14.86081 16.61067 15.76367 11.39436 10.60672 12.02672 12.73267 13.037 13.7997 15.21216 17.46546 18.71613 20.52088 23.62653 25.19331 24.74278 22.57196 19.77878 18.44316 17.63206 17.46207 18.13662 19.20825 21.10645 23.52188 25.48917 26.45061 27.01407 28.31929 30.50566 32.68036 33.4106 18.92475 -9999 -9999 -9999 -9999 -9999 -9999 -9999 -9999 -9999 -9999 -9999 -9999 -9999 -9999 -9999 -9999
27.03775 29.1104 30.85342 30.74715 28.15507 23.65102 21.74199 25.27553 29.5176 32.33765 31.98766 27.22045 20.33216 19.61173 22.91244 25.66389 28.33241 29.68245 28.08539 23.35882 17.25494 14.07252 10.37863 4.934728 5.631721 8.269521 9.708482 11.27552 14.41586 18.14011 20.55597 21.00163 21.6643 23.40724 23.9851 22.9965 21.2655 20.47377 20.46449 19.86877 19.29435 19.43443 20.38805 22.11294 23.70352 24.37685 24.13803 24.36811 26.61871 30.1653 33.59586 35.09992 22.18901 -9999 -9999 -9999 -9999 -9999 -9999 -9999 -9999 -9999 -9999 -9999 -9999 -9999 -9999 -9999 -9999
24.74241 26.83541 29.01407 29.97575 29.12447 26.41686 23.75153 24.80519 28.53464 32.03613 32.99844 30.43952 24.91923 20.85916 21.65797 24.22071 27.21802 29.07202 28.35376 24.84179 19.75045 14.63079 9.301829 3.708819 2.859866 4.544802 6.138188 8.54938 13.61473 19.07919 22.05486 22.97001 23.37757 23.87566 23.70564 23.03439 22.51811 22.34696 22.04931 20.92619 19.67841 19.08257 19.22633 19.94057 20.2271 19.37836 18.07043 19.59662 24.60257 29.56181 33.57727 35.47041 29.97387 18.12154 -9999 -9999 -9999 -9999 -9999 -9999 -9999 -9999 -9999 -9999 -9999 -9999 -9999 -9999 -9999
25.91104 27.67065 29.29816 30.06282 29.68382 28.1057 26.10167 26.19936 28.9877 32.21953 33.66991 32.42212 28.07885 22.18775 19.55587 21.67384 25.38642 27.80129 27.55062 24.62539 20.72234 16.62921 12.77803 9.709609 8.140723 5.942678 3.837568 5.252085 11.4611 18.13654 22.00564 23.51698 24.38992 24.94766 24.86951 24.62465 24.34105 23.95559 23.37979 22.12293 20.31081 18.43301 17.14257 16.63414 15.72473 13.87835 13.25025 17.68142 24.32119 29.2327 32.91434 34.74359 33.83495 19.87138 -9999 -9999 -9999 -9999 -9999 -9999 -9999 -9999 -9999 -9999 -9999 -9999 -9999 -9999 -9999
28.20479 29.32915 30.31131 30.98438 31.00615 30.16104 28.70799 28.36506 30.07622 32.43293 33.85924 33.21458 29.39655 22.86436 18.03972 19.24475 23.62734 26.87681 26.90732 24.36489 21.46264 18.84528 16.52413 14.87261 13.76925 10.59551 5.854328 1.455376 7.90416 15.54228 20.26244 22.57209 24.44225 25.38185 24.7892 24.21015 23.77453 23.33064 22.86113 22.09315 20.75913 18.62653 16.58001 15.23421 13.63829 12.64458 14.41661 19.1449 24.76484 28.68953 31.62176 33.16999 32.44621 24.84603 15.66663 -9999 -9999 -9999 -9999 -9999 -9999 -9999 -9999 -9999 -9999 -9999 -9999 -9999 -9999
27.67619 28.19092 28.99556 30.10246 31.01738 31.27003 30.69988 30.25277 30.84485 31.98409 33.0175 32.68172 29.13402 22.47321 17.15044 17.607 22.06875 26.21033 26.79846 24.62586 22.3337 20.44822 19.03705 18.72431 18.70023 16.01289 11.10158 5.989047 4.283977 10.65605 15.46202 18.44858 21.2766 22.51895 21.09524 19.80342 19.02942 18.75751 18.69145 18.80514 18.99505 17.68132 15.54503 14.46862 14.15146 15.93026 18.52646 21.41774 25.12037 27.82787 29.87324 30.99505 30.46501 28.40499 20.39507 12.98523 -9999 -9999 -9999 -9999 -9999 -9999 -9999 -9999 -9999 -9999 -9999 -9999 -9999
25.10493 25.4793 26.51966 28.06548 29.6783 30.82169 31.05809 30.57834 30.23365 30.57454 31.50559 31.6054 28.34554 21.77004 16.49785 16.39937 20.46734 25.04081 26.38346 24.83949 23.12085 21.563 20.84904 21.6429 22.3662 20.70844 16.99689 13.07876 9.74835 8.546445 9.971049 12.48149 16.49939 18.70333 17.21423 15.59752 14.22281 13.14365 12.07824 11.71913 13.13554 13.36154 12.04993 12.08083 13.58342 18.41413 22.08155 23.72049 25.39818 26.93953 28.25212 28.87169 28.30403 26.8776 25.17403 18.10919 13.28183 9.337114 -9999 -9999 -9999 -9999 -9999 -9999 -9999 -9999 -9999 -9999 -9999
24.68109 25.29557 26.56491 27.94213 29.12911 30.01365 30.30404 29.77355 28.9655 29.03833 30.02749 30.2646 27.178 20.99535 16.39384 15.94011 19.05803 23.20339 25.06204 24.56873 23.86108 23.05302 22.8168 23.85384 24.86739 23.9857 21.62483 18.65109 15.93746 13.78607 12.16486 12.54087 16.1052 18.86082 18.78586 18.06712 16.87033 14.90134 11.5776 8.074765 7.315654 6.957287 4.777322 4.555335 8.493408 17.69277 23.05904 24.3537 24.86707 26.06477 27.30135 27.69776 27.03171 25.80818 24.55021 22.97347 20.57886 14.4554 12.81126 8.983614 -9999 -9999 -9999 -9999 -9999 -9999 -9999 -9999 -9999
27.98034 28.52697 29.35053 29.90117 30.05309 30.10476 30.02752 29.49338 28.67625 28.5321 28.96969 28.5501 25.4294 19.63482 15.20276 14.22577 17.21218 21.1284 23.35986 23.98997 24.07691 23.90806 24.10464 25.06514 26.01672 25.57906 24.1255 22.49196 21.28984 20.32185 19.15658 18.77458 20.53 22.65523 23.64599 23.68111 22.97229 21.34982 18.78562 16.24077 13.75414 10.67381 7.45455 6.06456 8.066419 16.17411 21.86569 22.82684 23.04777 24.62495 26.18775 26.69617 26.19064 25.18789 24.041 22.54967 20.39538 19.17727 19.32233 15.22284 9.987531 -9999 -9999 -9999 -9999 -9999 -9999 -9999 -9999
30.13525 30.72042 31.29678 31.50192 31.29651 31.09561 31.00009 30.64084 29.91419 29.23875 28.45224 26.89494 23.66248 18.2473 13.71079 12.33017 15.181 18.8842 21.5188 22.98332 23.40121 23.38806 23.9389 25.11392 25.87016 25.52112 24.66604 24.25315 24.42454 24.54496 24.35839 24.23079 25.18905 26.63516 27.51249 27.48278 26.34491 24.56841 23.08521 22.22283 20.55538 17.59457 14.59325 12.45588 11.14504 14.01391 18.70173 19.87727 20.57407 22.49509 24.25465 25.1415 24.92824 24.23973 23.49325 22.45009 20.80052 19.76541 19.99893 20.0438 16.23281 9.655733 -9999 -9999 -9999 -9999 -9999 -9999 -9999
26.99784 28.166 29.43208 30.44939 31.1684 31.80548 32.31167 32.35323 31.73857 30.45463 28.37913 25.64681 22.17324 17.32446 13.35478 12.07185 13.76392 16.37839 18.94464 20.79063 21.28046 21.19339 21.9816 23.66765 24.58864 24.12135 23.6004 23.86455 24.58375 25.3028 25.88702 26.37456 27.37091 28.4828 28.99833 28.65161 26.7044 24.29364 22.75771 22.14573 21.26443 19.63151 17.85761 16.15091 14.17596 12.74046 14.57743 16.15844 17.60975 19.95096 22.06856 23.54449 23.62642 23.16968 22.92093 22.62215 21.72545 20.60234 20.31822 21.00222 21.10837 12.45017 -9999 -9999 -9999 -9999 -9999 -9999 -9999
18.67862 20.71225 23.17712 25.61527 27.94006 30.11922 31.65307 32.31949 32.05676 30.67124 28.07877 24.64721 20.83564 16.50475 13.0908 11.90459 12.55329 14.02079 16.13531 17.8477 17.91035 17.57861 18.57803 20.66147 22.12195 21.86355 21.54389 21.68261 22.19804 23.30055 24.67924 25.82323 26.96657 27.89003 28.25656 27.69469 25.40537 22.69843 20.6455 19.58255 19.5735 19.75484 19.7559 19.04012 17.15617 14.02105 12.53267 12.75138 13.69553 16.46917 19.50851 21.86831 22.54182 22.55548 22.63716 22.78461 22.45231 21.43093 20.68875 20.97559 21.67845 16.41149 9.840766 -9999 -9999 -9999 -9999 -9999 -9999
8.279755 11.77044 14.04071 16.9412 20.46877 24.06365 26.59329 28.07906 28.6392 28.04618 26.16598 23.27113 19.79842 16.11752 13.39936 12.50895 12.40431 12.46063 13.18231 14.8878 15.07251 14.5243 15.77525 17.72016 19.0942 19.0762 18.8863 18.86983 19.30471 20.56732 22.25526 23.64176 24.70162 25.53241 26.13065 25.5211 23.15888 20.56954 18.78127 18.15131 18.9818 20.13087 20.65813 20.03556 18.34883 15.44185 12.02387 9.815504 9.709866 12.56247 16.56237 20.17381 21.93488 22.51293 22.77772 22.97508 22.83531 21.92765 20.86457 20.62359 21.11099 20.45448 14.5763 8.584496 -9999 -9999 -9999 -9999 -9999
11.53434 12.01864 8.37973 6.695932 11.35883 15.0453 16.97986 18.77289 20.60514 21.75263 21.52468 20.12262 17.98272 15.50805 13.69987 13.03879 12.75082 12.21333 12.13295 13.96204 14.57576 14.29291 14.86477 15.676 16.31195 16.36025 16.89738 17.87164 18.93853 20.00206 20.82515 21.269 21.67637 22.28441 23.10917 22.64843 20.59339 18.57146 17.43633 17.34356 18.16489 19.04093 19.37914 19.02121 18.14724 16.27744 12.49732 8.371158 6.505186 8.373526 12.67554 17.63871 21.21206 22.82111 23.30634 23.38549 23.10683 22.12576 21.05467 20.61735 20.64084 20.39123 19.42077 11.61624 -9999 7.354956 11.07387 7.590593 -9999
21.8315 21.69624 18.90371 14.464 12.61703 10.26265 7.263641 8.034578 10.88701 13.31333 14.65987 14.96111 14.64382 14.03278 13.68013 12.97804 12.17293 12.42563 13.54528 14.96517 15.1994 15.2275 15.02348 14.65506 14.89688 14.95263 15.77573 17.2863 19.12452 20.66946 21.08943 20.52802 20.10429 20.50818 21.52537 21.25815 19.62322 18.38383 17.63753 17.20166 17.25438 17.64953 18.13914 18.40083 18.0539 16.99365 14.39897 10.32102 6.160559 4.384713 8.0707 13.81421 19.23155 22.56346 23.80971 24.02683 23.55526 22.3504 21.16422 20.40683 19.89649 19.56317 19.47144 14.46756 14.68744 14.78755 16.17505 8.88771 -9999
26.4717 26.72403 25.98682 24.07464 22.33244 19.44787 15.25118 12.10284 10.9103 7.106144 6.583976 9.27343 11.16029 12.18736 13.37774 14.02878 13.99473 14.66709 15.94381 16.48887 16.06633 16.51747 16.57152 16.25457 15.83404 15.21038 15.23739 16.14079 18.27654 20.78344 22.07864 21.88029 21.03951 20.78358 21.36251 21.07655 19.97433 19.35276 18.86205 18.36427 18.06819 17.97697 17.94352 17.88356 17.48318 16.87866 15.41611 12.16798 7.973503 3.371888 3.744738 9.583826 16.06881 21.27778 23.80752 24.31647 23.65055 22.26969 20.9658 20.03462 18.91334 17.82286 17.80908 17.5689 16.33363 15.99752 17.43719 11.38414 -9999
27.36435 27.19848 26.91442 26.15299 24.92045 22.69334 19.8457 17.6737 17.1853 11.39745 -9999 5.410637 8.517529 10.46306 12.56649 14.58206 15.61328 15.74429 16.21467 16.6265 16.92732 18.05221 19.13978 19.70612 18.79264 17.20193 16.06298 16.12479 18.29588 21.27938 22.98086 23.4439 22.88612 21.94496 21.64495 21.35407 20.88849 20.3866 19.36641 18.34063 17.81556 17.64426 17.48074 17.38404 17.23607 17.08368 16.54597 14.2966 10.49415 5.72431 0.8061486 5.824883 12.61362 19.28934 23.3427 24.27232 23.25885 21.55566 20.55799 20.10084 18.53005 16.56629 16.09198 15.83555 15.62866 16.30265 18.32325 16.80004 10.22472
25.89938 25.23523 25.00941 24.69026 23.63586 21.22997 18.56181 17.12967 18.29413 10.68519 -9999 -9999 6.296728 9.320683 12.05289 13.94352 14.67095 14.58979 14.87155 15.12946 15.85427 16.98981 18.22006 19.43202 19.2165 17.80114 16.33601 16.03072 18.48105 21.78237 22.91786 23.20316 23.40653 23.01072 22.55988 22.24129 21.87553 21.08223 19.37516 17.52905 16.57302 16.8327 17.41278 17.61269 17.39234 17.22647 17.00628 15.93979 13.25679 8.499455 2.937026 2.87619 9.438251 17.3657 23.0302 24.29506 22.66632 20.59544 20.41291 20.71039 18.80296 16.48008 15.51144 14.82248 14.95873 16.09552 18.41787 19.17599 9.576836
24.06533 23.26961 23.24759 23.47149 23.26575 20.913 17.44122 15.50758 14.89473 8.71472 -9999 -9999 -9999 10.236 12.55833 13.86309 14.2798 14.94267 15.08189 14.58749 14.69355 15.0767 15.65571 16.65709 17.09019 16.8822 16.45398 16.29707 18.3324 20.91781 20.80649 20.37815 21.51764 22.52802 22.61453 22.2007 21.74074 20.77382 18.81195 16.90797 16.04117 16.37102 17.2401 17.82749 17.80696 17.64198 17.44354 17.11927 15.65911 11.13304 4.856241 1.065172 7.603907 16.4826 22.99787 24.14698 22.04686 20.12104 20.66092 21.00717 18.90108 17.02177 15.94088 14.80206 14.79131 15.84026 17.95982 18.03689 9.705733
