slope.asc
ncols         469
nrows         365
xllcorner     198538.8800233
yllcorner     438669.69527598
cellsize      10
NODATA_value  -9999
[rows 150 to 179 of 365, columns 69 to 137 of 469]
20.62563 17.18456 15.25455 15.26531 16.44153 19.19965 19.01001 11.4854 11.84228 17.2911 18.99496 19.69589 19.37828 17.83536 15.29332 13.23473 13.80806 16.49063 20.90055 23.90758 22.89726 16.6277 5.673655 6.304575 15.24635 20.44184 20.72339 17.91602 15.22928 13.37219 13.77137 14.61043 14.15993 13.24766 12.59046 12.01769 11.38795 10.60326 9.962644 10.53137 13.12411 15.1495 14.6702 16.69292 19.30015 18.38197 18.9504 21.67765 24.26475 26.06592 27.08167 27.39827 26.87075 25.81313 25.0885 24.9274 24.30909 22.2467 18.13311 13.20135 10.29845 8.916215 10.31448 12.9488 12.19128 12.11402 15.73155 18.44257 19.61816
18.50861 14.86321 13.00344 14.62473 18.75871 22.62924 22.37373 13.74329 6.593518 13.60105 17.73629 19.56776 19.89848 19.31669 18.0138 15.9684 14.33467 15.04329 19.32998 23.63497 23.1791 15.79788 4.355445 6.230736 14.58482 19.3388 18.70424 15.82202 13.66309 13.42299 15.46317 16.72977 16.52444 15.82152 15.19939 14.37332 13.34934 12.05995 10.60411 9.908278 11.01601 12.19151 12.74696 16.5483 20.16964 20.69486 21.4429 23.6085 25.61745 27.05894 28.16693 29.00541 29.1595 28.57269 27.84817 27.40413 27.10405 26.77479 25.27302 22.28598 19.21249 16.41439 14.83429 14.05364 9.860703 6.126197 10.14071 15.65043 19.32636
14.81094 11.03145 10.83283 15.19063 20.70925 24.46403 23.67648 15.86429 6.348521 10.311 16.10935 19.57148 20.88412 20.95112 20.19161 18.88498 17.20193 16.02118 17.96848 22.09279 22.36644 15.47336 4.715031 5.871191 14.10309 18.26245 17.02152 14.12266 11.35705 10.62566 13.26836 15.91846 17.18967 17.33246 16.88375 15.68794 14.04659 12.52014 11.32842 10.99463 11.80972 12.00409 12.79294 16.89947 20.77061 21.79648 22.27318 23.88481 25.69269 27.07744 28.27957 29.42784 30.15757 30.16099 29.56715 28.85669 28.49716 28.637 28.12033 26.67682 25.34007 24.1145 22.69119 20.45751 16.8318 13.90211 12.83852 16.49018 20.95035
12.25619 9.446539 11.65975 16.87307 22.13037 25.06271 23.89939 17.41876 9.076056 8.474954 13.62832 18.22062 20.51942 20.8771 20.11954 19.43403 19.06369 18.6646 18.77342 20.654 20.64826 14.89574 5.809323 5.970074 13.54095 17.23458 16.15246 13.25263 9.023664 5.688121 9.175976 12.98101 14.15859 14.69588 15.48379 15.48964 14.55538 13.58532 12.92579 12.99973 14.08721 14.76591 15.96051 19.34713 22.83081 23.62905 23.2393 23.681 24.8741 26.08807 27.23028 28.54191 29.81916 30.51071 30.30043 29.53092 28.98398 29.06265 28.7546 27.91157 27.33321 26.71427 25.55972 23.39221 20.55068 17.86461 14.7059 15.45093 20.27462
12.794 11.93646 14.88299 19.27702 23.07589 24.65384 23.43733 19.01359 12.99375 8.516837 7.518201 11.58029 15.26038 17.41172 18.39306 19.30058 20.65452 21.64329 21.26529 20.70865 19.0878 14.33622 7.677431 7.56971 13.52961 17.01621 16.6935 14.48864 10.44059 5.455867 9.369267 13.82572 12.90118 11.78341 13.36167 15.34783 16.08104 15.94749 15.80294 16.02183 16.88729 18.07121 19.72052 22.50904 25.27193 25.46952 24.33333 23.58371 23.51535 24.06315 24.90487 26.0961 27.52276 28.74601 29.31251 29.09101 28.66578 28.67254 28.33462 27.66886 27.46161 27.38224 26.89955 25.58614 23.70569 21.39886 17.55256 14.78796 18.02309
8.071896 10.57731 17.4151 21.42251 23.23944 23.35386 22.99467 21.46513 18.23944 14.42713 8.409174 2.347895 5.389626 9.094197 11.38103 13.52247 16.72866 19.23369 19.55143 18.95217 17.69779 14.48183 9.932682 9.659983 14.01769 17.3388 17.95257 16.98883 14.76883 11.23419 12.0645 15.81732 14.75485 12.9718 13.8876 16.22541 18.33477 19.42591 19.97076 20.14149 20.35631 21.37236 23.36933 25.74069 27.32606 26.61973 24.71908 22.79044 21.32056 20.92412 21.3317 22.21228 23.469 24.92517 26.2659 27.06649 27.35101 27.60378 27.27696 26.60471 26.46869 26.67126 26.69037 26.12524 25.12994 23.86995 21.21122 17.71571 16.97938
-9999 9.280868 18.50891 21.68661 21.75524 21.60767 23.19976 24.17264 23.01097 20.84434 16.37686 10.26383 5.299221 2.653989 1.028203 2.947797 7.780972 9.357604 9.635975 11.8358 13.28568 11.68155 8.577609 9.179277 13.45451 17.0399 18.48215 18.49261 17.60223 15.67284 14.51146 16.71751 16.71465 15.48261 16.2397 18.15971 20.74779 22.66994 23.41949 23.10143 22.30582 22.76035 24.96451 27.10854 27.82838 26.54478 24.33656 22.09101 20.32029 19.57977 19.72195 20.37409 21.43189 22.75942 24.15001 25.28562 25.91737 26.21996 25.80197 24.92683 24.48899 24.82597 25.29444 25.36508 25.33721 25.41473 24.59632 22.70631 20.21436
-9999 8.939724 18.40734 19.84933 19.35414 20.17451 22.66715 24.70157 24.84948 23.98429 21.48426 17.91923 15.25524 14.20705 13.84154 13.79966 15.10971 14.83282 11.98254 10.7015 10.76099 8.579372 5.012036 6.271384 11.86653 16.58083 18.79327 19.39927 19.01942 18.16097 17.31241 18.19931 18.74939 18.04801 18.30668 19.35876 21.10902 22.49659 23.1187 23.19343 22.68087 22.97538 24.64277 26.06726 26.62045 25.99672 24.87136 23.82704 23.17607 23.06985 23.35813 23.89297 24.66715 25.46621 25.97958 26.09518 25.92684 25.54374 24.5843 23.15272 21.86987 22.04516 22.77597 23.28592 24.04633 25.11738 25.63377 25.29199 23.88981
-9999 8.023747 16.59717 17.11602 17.63278 19.17746 21.47787 23.52504 24.18856 24.07281 23.03663 21.76301 21.05046 21.03946 21.03257 20.78865 21.13184 20.73103 18.81274 16.3673 14.443 12.41615 8.611092 6.094864 10.24082 16.28959 19.30601 20.26741 20.41615 20.46395 20.08224 19.61166 19.37701 18.45869 16.98917 15.79798 15.96667 16.67048 17.35808 18.35199 19.0866 20.18554 22.15033 24.1783 26.07879 27.23165 27.77665 27.99308 28.21301 28.6457 29.08682 29.39172 29.57569 29.46459 28.93232 28.05088 27.12472 25.99896 24.33533 22.53274 20.69939 20.19697 20.2393 20.69583 22.01156 23.69302 25.00384 25.61384 25.53817
-9999 6.562206 11.41726 15.1754 16.65176 18.3434 20.421 22.4471 23.20317 23.34403 23.34476 23.09324 22.37222 21.65693 20.82962 20.42661 21.30322 21.69041 21.02603 19.19265 17.18155 16.14942 14.17079 11.2873 8.101289 12.44459 17.28113 19.47984 19.92521 19.40566 18.22173 16.97141 16.64228 15.75965 13.12557 10.37551 9.338125 9.711451 10.61405 11.97876 13.47921 16.01422 19.86626 23.95667 27.5653 29.93974 31.23215 31.84807 32.18417 32.49546 32.64312 32.45738 31.8716 30.89517 29.89862 28.9546 27.95399 26.533 24.7077 23.32175 22.25898 21.6234 20.85977 20.84437 21.94464 23.14385 23.80782 24.16834 24.84155
-9999 -9999 6.552899 11.09807 15.71181 17.40422 19.41753 21.49344 22.20346 22.50162 23.48181 23.8107 22.98247 21.22487 18.79696 17.85276 19.32701 20.38763 20.50997 19.4875 18.05034 17.72184 17.13403 15.97613 11.33838 8.849276 14.05099 17.40012 18.075 16.88876 14.55438 12.33954 11.79577 11.37841 9.616638 7.841182 7.151676 7.754506 8.9442 10.29293 11.97824 15.27402 20.48619 25.9543 30.13793 32.41236 33.26855 33.56028 33.73831 33.76145 33.46471 32.71714 31.49051 30.03891 29.07733 28.49206 27.60358 26.0394 24.60929 24.48112 25.13841 25.39668 24.72956 24.10805 23.92314 23.46885 22.36199 21.45531 22.22994
-9999 -9999 -9999 7.128285 9.147246 12.60201 18.0309 20.4496 18.28341 17.11673 21.58932 17.59535 12.39666 11.69031 10.32908 12.68459 17.75538 18.36361 18.64857 18.55771 18.90621 19.41143 19.14094 18.95834 16.0001 11.55255 13.18703 16.18712 17.40947 16.4026 13.14765 9.292186 7.790053 8.822342 9.570725 9.459844 9.790993 10.98503 12.47959 13.82952 15.31411 18.38507 23.56919 28.92856 32.51458 33.92479 33.9393 33.58586 33.55973 33.58405 33.12445 31.93743 30.15859 28.32651 27.35379 27.02529 26.15799 24.37556 23.69563 25.53634 27.8996 28.90418 28.41215 27.19583 25.77112 24.09482 21.88067 19.70984 19.63322
-9999 -9999 -9999 -9999 -9999 7.783084 10.58645 10.20515 -9999 9.990761 10.97773 -9999 -9999 -9999 -9999 8.550744 13.55925 13.81523 17.41145 18.53458 20.44481 21.40341 21.48316 21.6908 19.55486 14.86159 13.67497 15.66399 16.95278 16.75722 14.03876 9.613783 7.737425 10.3842 13.56146 15.2587 17.09698 19.26666 21.18324 22.43622 23.23821 24.77755 27.91188 31.63067 34.18151 34.74639 33.96846 32.99451 32.82389 32.98429 32.67148 31.43458 29.28562 27.06878 26.16361 26.16101 25.28652 23.3764 23.60048 26.56495 29.16024 30.07528 29.59561 28.25208 26.48805 24.78193 22.56483 19.73641 18.35229
-9999 -9999 -9999 -9999 -9999 -9999 -9999 -9999 -9999 -9999 -9999 -9999 -9999 -9999 -9999 -9999 -9999 9.579617 14.10234 19.02982 21.91762 22.96485 23.49728 24.23124 22.60897 18.00528 15.06318 15.77368 17.18526 17.98708 16.0819 11.72025 9.807099 14.04027 19.22144 22.55916 25.12299 27.38065 29.15995 30.14585 30.4149 30.50809 31.36089 33.22996 34.94097 35.20036 34.09072 32.70238 32.14454 31.96882 31.73057 30.94551 29.10259 27.12171 26.52614 26.23868 24.856 23.2897 24.19729 26.31014 27.4829 27.56644 27.12422 26.38811 25.33854 24.26473 22.40321 19.53246 17.68159
-9999 -9999 -9999 -9999 -9999 -9999 -9999 -9999 -9999 -9999 -9999 -9999 -9999 -9999 -9999 -9999 -9999 -9999 10.50817 19.05965 22.49268 23.71756 24.97882 26.66134 25.68652 21.16836 17.08185 17.24789 19.44143 20.95011 19.29257 14.59662 11.50591 16.86909 23.8283 27.79717 29.76248 31.09749 32.28731 33.13223 33.42722 33.25932 33.25669 33.96583 35.01305 35.34564 34.43805 32.81474 31.42886 30.4927 30.15459 30.08895 29.28209 28.2169 27.80469 26.59944 24.32706 23.03299 24.00115 24.67688 24.15988 23.218 22.98307 23.25702 23.56837 23.50749 22.32979 20.22533 18.9276
-9999 -9999 -9999 -9999 -9999 -9999 -9999 -9999 -9999 -9999 -9999 -9999 -9999 -9999 -9999 -9999 -9999 -9999 9.391699 18.42183 22.04688 23.54735 25.84904 28.66422 28.41063 24.21505 18.62942 17.4418 20.8225 24.03824 23.70805 19.38465 14.42194 19.60952 27.34403 30.74599 31.4031 31.60652 32.50529 33.69213 34.44739 34.54177 34.3229 34.33997 34.80009 35.14546 34.49698 32.6064 30.15967 28.31011 27.86402 28.79696 29.53319 29.42967 28.68859 26.4728 23.85638 22.9095 23.48362 23.38743 22.10772 20.6163 20.38657 21.13109 22.30677 23.27585 23.21552 22.38445 22.02301
12.98492 12.20184 10.6099 8.624974 -9999 -9999 -9999 -9999 -9999 -9999 -9999 -9999 -9999 -9999 -9999 -9999 -9999 8.020446 12.17424 18.20436 21.51844 22.98951 26.06549 29.87799 30.4685 27.36906 21.52028 17.57682 20.36623 25.42137 27.37562 24.91248 19.3929 22.08997 29.26186 32.23344 31.92844 31.02669 31.71435 33.32254 34.61166 35.06996 34.84047 34.4768 34.40059 34.44589 33.75985 31.55606 28.30375 25.68602 25.1945 27.2368 29.87415 30.81067 29.43204 26.05535 22.98675 21.83883 21.99847 21.88123 20.68268 19.16503 18.77013 19.60977 21.00695 22.44341 23.25957 23.59443 23.88172
27.54461 26.59914 24.26906 18.38758 9.685259 -9999 -9999 -9999 -9999 -9999 -9999 -9999 -9999 -9999 -9999 -9999 8.082776 12.67743 17.55906 20.46157 23.04646 24.03105 26.52388 30.40331 31.85687 30.0675 25.34271 20.29852 20.75375 25.80859 29.54032 29.27639 24.58465 23.38893 28.93975 32.4744 32.45346 31.00343 30.99548 32.40575 34.01367 35.01384 35.12895 34.69096 34.1786 33.69745 32.56548 30.11107 26.63257 23.46575 22.57564 25.40964 29.80021 31.72035 29.95852 25.8416 22.14724 20.21659 19.84584 19.49541 18.50368 17.64783 17.61279 18.4028 19.64529 21.08971 22.21134 23.03181 23.33823
30.08178 29.70329 28.71655 26.45385 19.34212 -9999 -9999 -9999 -9999 -9999 -9999 6.327578 -9999 -9999 -9999 8.66627 11.2325 17.37779 20.12331 23.23205 25.70987 26.2994 27.23196 30.24103 32.47879 31.85083 28.43148 23.66779 22.54823 26.56171 30.95814 32.19952 28.65702 24.26439 26.99296 31.77656 33.14977 31.98479 30.996 31.57516 33.19561 34.67321 35.26347 35.02703 34.39003 33.53008 31.92747 29.3588 25.87001 21.98069 19.89113 23.11389 28.89141 31.58467 29.78643 25.55791 22.16631 20.75138 20.29703 19.35465 18.37749 18.03918 17.95635 18.12592 18.93361 20.06966 20.66091 20.85795 20.64184
27.14934 26.88258 27.5803 28.23292 22.24574 13.28405 -9999 -9999 -9999 -9999 10.95156 15.66406 17.8713 11.63917 9.43221 12.88081 14.04094 17.19477 21.78201 24.83392 26.72535 26.70313 26.68409 29.28572 32.29727 32.74297 30.71023 26.88471 24.66413 27.35553 31.81911 34.09318 31.87047 26.20855 24.89641 30.16426 33.6347 33.73797 32.23439 31.43798 32.3558 33.92281 35.02824 35.26664 34.74025 33.70612 31.98981 29.4916 26.05744 21.7703 18.75698 21.60928 27.47789 30.18902 28.51534 24.75819 22.67742 22.77242 22.77226 21.68357 20.43163 19.7065 19.23192 19.0266 19.38049 19.77758 19.62297 19.3765 18.95129
21.56491 20.84011 22.63323 25.20278 25.87143 17.07774 -9999 -9999 -9999 9.888194 17.44686 22.2227 21.43314 19.19692 16.84141 15.87946 15.34443 17.44905 22.72982 26.30882 27.1498 25.56275 24.86031 27.75413 31.43991 32.95246 32.35939 29.83853 27.07429 28.10339 32.23415 35.26085 34.36716 29.12108 24.28193 28.01862 33.62304 35.38472 34.00437 31.79083 31.288 32.59722 34.19349 34.9987 34.75506 33.71607 31.99769 29.59192 26.28887 22.06844 19.1328 21.75335 26.65292 28.14653 26.02201 22.86329 22.24859 23.24463 23.47879 22.55938 21.35317 20.53059 19.97545 19.59671 19.65659 20.13117 20.62903 21.07587 21.05884
15.8611 14.23449 16.23532 20.08823 22.86284 14.68446 -9999 -9999 -9999 11.16424 21.70292 23.76951 22.32476 18.45616 15.0711 15.26495 16.91629 18.77171 22.66189 26.3226 26.84594 24.35293 23.27069 26.36203 30.47569 33.00585 33.71901 32.32859 29.35326 28.25608 31.42904 35.29992 36.003 32.17529 25.9277 26.56658 33.12655 36.16612 35.26973 32.45752 30.57717 30.96749 32.4287 33.63678 33.91112 32.91748 30.6901 27.62532 23.79342 19.4976 17.8569 21.98159 26.43375 26.46401 23.09409 19.86197 19.74815 20.6841 20.95317 20.66499 20.50467 20.04645 19.28775 18.75945 19.16427 20.54115 21.96093 22.87666 23.1572
11.63736 8.673949 8.825411 14.75848 19.56204 12.64182 -9999 -9999 8.201202 13.08497 21.17733 23.72407 22.45992 17.74483 13.37101 13.39484 16.34397 19.17004 21.91392 24.69562 25.6052 23.89134 23.40613 26.55875 30.73363 33.69695 35.0689 34.33612 31.37747 27.89226 28.69272 33.37567 36.16533 34.63425 29.52176 27.3818 32.48251 35.87751 35.52955 33.09665 30.85702 29.82123 29.65448 30.30443 30.93946 29.84452 26.51418 22.09917 17.61187 14.10893 15.45512 21.02726 25.21317 24.27581 19.51727 15.91451 15.70752 16.02222 16.10906 16.72262 18.07373 17.88153 16.90628 16.85734 17.69843 19.16669 20.40644 21.03629 21.21956
9.585491 7.817131 0.8764576 9.333612 15.42905 13.74321 11.67646 12.97067 13.56266 16.76835 19.81903 21.8073 21.31866 17.86701 14.84287 14.46265 16.97298 20.30674 22.12183 23.58041 24.85498 24.79947 25.41365 28.34552 31.90863 34.47447 35.80128 35.29061 32.37452 27.02328 24.02935 28.57873 33.73003 34.96002 32.25655 29.24698 31.46889 34.30515 34.49591 32.9166 30.98241 28.68129 25.95618 24.09246 23.49802 21.52058 17.63741 12.75236 8.798697 9.44029 14.79468 19.8174 23.12257 21.26425 16.09899 13.31599 12.01919 10.2223 8.663273 8.91926 12.17689 12.91249 11.45376 11.76934 13.03886 14.51726 15.66056 16.07717 16.10336
10.34523 11.62411 8.406665 3.302795 9.984445 16.36133 19.64523 20.49446 20.22853 19.99466 20.06965 19.43339 18.66233 17.34386 17.45601 18.51491 19.3097 21.2789 23.03214 24.65875 26.29409 27.30713 28.41178 30.44839 32.76432 34.54377 35.49864 34.95874 32.16733 26.40586 20.31953 22.73782 29.43996 33.26936 33.04599 30.7694 30.60254 32.22767 32.67943 31.90602 30.16366 26.63154 21.43246 15.46567 10.25842 2.460527 4.093064 4.131816 5.964876 11.10478 15.58007 18.43368 20.5364 17.53134 12.51282 10.96251 8.42583 4.755332 4.557394 7.708362 10.66339 9.383496 4.893946 2.351803 3.663805 6.45532 8.648936 9.335286 9.129155
13.20248 14.20779 12.26311 6.126312 8.001219 15.40844 20.45076 23.20728 23.9286 23.08863 21.52493 19.37754 17.76569 17.23714 19.21969 22.18346 22.74637 22.40214 23.41115 25.89703 28.30824 29.59435 30.04659 30.77032 32.08432 33.27997 33.83001 33.23362 30.77216 25.67803 18.38985 17.13836 23.83877 29.92678 32.14434 31.6773 30.78334 30.83836 31.00559 30.59505 28.13859 22.59426 15.88178 11.34257 13.59205 16.68585 17.4621 16.17056 15.21874 14.891 15.0264 15.96009 17.39235 14.24718 8.776623 8.353009 10.11825 11.60871 14.6005 17.5141 18.45794 16.29251 13.2532 11.27341 9.859356 8.659101 5.450377 2.47182 1.078322
15.34342 15.64365 16.23801 14.67043 11.36313 13.63129 18.73385 22.18747 23.43196 22.9706 21.73329 20.37814 19.84511 19.95735 21.38329 24.02956 24.86785 23.44817 22.61963 24.57318 26.98222 27.96519 27.60052 27.69139 29.00903 30.21555 30.74439 30.39459 28.64955 24.87733 18.33447 12.92675 15.70847 23.32958 28.71608 30.9655 31.1308 30.30651 29.38205 28.10777 23.59871 15.20642 10.24928 13.52392 18.29878 21.36497 22.45976 21.99514 20.64023 18.20064 15.33126 13.69541 14.46541 13.01727 10.56154 14.14417 18.14432 20.14341 21.48823 21.91951 21.11658 19.55946 18.59663 18.18197 17.95515 18.36172 17.54351 15.17419 12.47813
16.295 16.52543 19.57257 20.44126 16.36536 12.7159 13.95369 15.91921 17.0695 17.6786 18.50816 19.44096 20.73682 21.4972 21.57631 22.69702 23.45269 21.98933 20.38534 21.606 23.0648 22.89916 21.8533 22.52516 24.90602 26.84307 27.94368 28.10925 27.24721 25.04827 20.86357 15.88179 12.64723 16.73604 24.24508 29.19456 31.13737 30.22325 26.73867 21.54572 14.02423 8.143735 12.93314 17.73389 20.11653 21.23303 21.63538 21.38168 20.60407 19.00621 16.51589 13.91758 13.69434 14.42974 15.83956 20.08138 22.96076 23.67178 22.93786 21.6464 20.0886 18.79341 18.51936 18.76625 19.3099 20.5668 21.44822 20.82769 19.19858
16.29501 17.94024 22.05504 23.20972 19.55735 13.83857 9.355474 6.877208 6.534828 7.515203 10.20989 12.89807 15.46189 16.14621 15.43943 16.98187 19.06671 19.22986 19.01327 20.3469 21.27943 20.94966 20.15194 20.9738 23.41165 25.80716 27.43238 27.84736 27.55365 26.64342 24.54014 21.80841 18.66127 16.25166 19.00384 24.55852 28.3433 27.77364 21.5801 10.54698 4.016064 12.75369 18.38598 20.87848 21.45654 21.15987 20.61228 20.11175 19.68581 18.94496 17.67423 15.94939 14.82208 15.97517 19.12335 22.73717 24.01768 23.16354 21.29004 19.60216 18.42022 18.06476 18.57952 19.23454 19.72522 20.27056 20.69193 20.69972 20.5435
17.69827 20.22004 23.25196 23.70587 20.29467 14.79457 9.125257 5.575017 5.5317 6.73344 9.404147 11.42141 12.69337 12.36966 11.35124 13.73634 17.10727 19.04867 20.24955 21.45313 22.2946 22.62339 22.37462 22.87349 24.65945 26.74677 28.29985 28.64698 28.55826 28.45403 27.71062 26.59489 24.94777 21.80659 18.40634 18.9336 21.17402 19.31056 14.23505 8.559224 11.29663 16.87634 19.94415 20.76445 20.84437 20.89908 21.10645 21.29412 21.36865 21.23244 20.76792 19.70809 18.12238 17.73521 20.13556 22.89198 23.12222 21.46111 19.48617 17.7848 16.6489 16.59442 17.26643 17.92223 18.35233 18.58231 18.77617 19.2578 19.85369
