spi.asc
ncols         469
nrows         365
xllcorner     198538.8800233
yllcorner     438669.69527598
cellsize      10
NODATA_value  -9999
[rows 155 to 185 of 365, columns 69 to 137 of 469]
2.828368 1.015498 1.341044 0.7779693 0.6199478 0.3589204 0 0.3316087 0.2848378 0 0 0 0 0 0 0.2155093 0.470703 0 0.5366443 0.2951993 0.4935959 0.2297452 0 0 0.2228683 0.4851488 0.4995682 0.650528 0.7200411 1.968145 3.871646 0.882316 0.2337816 0 0.4017856 0.6275541 0.843964 1.50998 1.608901 1.752326 1.823646 3.652438 2.351972 1.914819 0.7097235 1.254466 0.3786775 1.472775 0 1.57349 1.925389 1.625985 1.590769 1.447632 1.24342 1.402642 0.9367988 0.4205976 2.379264 4.096045 2.193483 2.083492 1.876423 1.688983 1.558686 1.410397 2.170424 3.094818 3.819452
-9999 1.529706 0.6952971 0.5852029 0.3358045 0 0.6190653 0.6406363 0.3539617 0.322627 0.2576433 0 0 0 0 0 0 0 0 0 0 0.1879344 0 0 0.2144976 0.2673458 0.5119237 0.6948237 2.076907 1.08655 3.990101 1.132187 0.7889902 0 0.2556327 0.5044103 0.759153 1.560087 1.673618 1.811364 1.845811 3.710078 2.37738 1.628321 0.7206391 0.4051703 1.032879 0 1.278764 1.435365 1.794884 1.468436 1.420769 1.257656 1.027287 1.212522 0.6789961 0 2.272363 4.01415 2.058271 1.947908 1.744981 1.567095 1.461969 1.348307 2.271858 3.339269 3.850713
-9999 0.5851808 0.5101831 0.3082161 0 0.7430177 0.8122213 0.6523063 0.6555629 0.6364712 0.3318855 0.2801754 0 0.2256762 0.2202533 0 0 0 0 0 0 0 0 0 0 0.2606309 0.5191469 0.5331443 1.974737 1.087946 1.157485 4.181117 1.110756 0.6818532 0 0.3011017 0.572164 1.461669 1.577389 1.742764 1.794256 3.70998 2.319912 1.08409 0.6943557 0.3972056 0 0.8436551 1.272184 1.483266 1.889238 1.513794 1.438597 1.218248 0.9009229 1.084906 0.3961908 0 2.11867 3.924039 1.890007 1.768034 1.564192 1.389449 1.302148 1.207174 2.265631 3.441754 2.143559
-9999 0.4141448 0.2608702 0 0.8203937 0.8717881 0.7795051 0.8355129 0.8533651 0.6384292 0.6154338 0 0.3256098 0.5705889 0.5704329 0.5649021 0.3267873 0.320987 0.2931739 0.2575032 0.2291705 0 0 0 0 0.2563642 0.3003362 0.5530396 1.826329 1.052861 1.161142 4.234916 0.7203313 0.9816923 0.4768848 0 0.2516268 1.130166 1.25294 1.462619 1.569909 3.560781 1.901979 1.028136 0.9035329 0.4151703 0 0.7242141 1.303575 1.573556 2.038033 1.597965 1.482765 1.181675 0.7445681 0.9549524 0 0.3972381 1.928528 3.885916 1.777007 1.618705 1.373629 1.183784 1.105689 1.013525 2.189262 3.440522 2.156946
-9999 0.2033141 0 0.8570352 0.914483 0.8442513 0.9119836 0.9755137 0.8268028 0.8306186 0.3587889 0 0.6005965 0.7844647 0.7614449 1.051565 0.5765553 0.5852884 0.5702847 0.5283821 0.2694154 0.2543087 0.2251387 0 0 0 0.2708696 1.431149 0.7359565 0.8792393 0.9730557 4.056373 0.6401417 0.4475164 0.6589239 0.1681318 0 0.7064745 0.8380228 1.067989 1.222878 3.310736 1.261101 1.169883 0.9423676 0.7663501 0 0.4831594 1.25772 1.573137 2.085233 1.571975 1.413128 1.027875 0.4542511 0.7450503 0 1.09768 1.44002 3.914968 1.776904 1.602213 1.299486 1.066004 0.9599672 0.8251937 2.086845 3.361164 2.072439
-9999 -9999 0.8410785 0.9163204 0.8781936 0.9428584 1.016135 0.9458935 0.9679916 0.6034923 0 0.3655286 0.8208107 0.9374631 0.859286 1.360651 0.7188991 0.7490324 0.7524763 0.5351745 0.5018552 1.07068 0.654859 0.2517657 0 0 0.4058298 0.9427055 0.5024315 0.647536 0.7122247 3.714371 0.1896562 0.3382469 0.1565216 0.3458183 0 0.5193118 0.664911 0.8972414 1.06796 3.16403 1.285166 1.366213 1.200645 0.8197111 0.5044604 0 1.099828 1.468413 2.029464 1.437951 1.238459 0.7684922 0 0.4335836 0.9433612 1.369022 1.436565 3.887924 1.818364 1.662575 1.325334 1.026028 0.8462402 0.6250461 1.970033 3.217819 1.90536
-9999 -9999 -9999 1.326879 0.9104788 0.991898 0.9660633 1.05251 0.7702134 0 0.3431631 0.5991104 0.9299626 0.9913098 1.673067 1.817301 1.641456 1.296261 0.6993495 0.6967143 1.631194 0.8794273 0.7135596 0.5229689 0.2521175 0 0.2105114 0.7706325 0.2727429 0.4629354 0.5310706 1.658994 3.100315 0 0.1558166 0 0.2964953 0.5746094 0.7450777 1.001804 1.160231 3.242401 1.399641 1.462348 1.432018 1.104529 0.5145995 0 0.8444818 1.296366 1.927528 1.250877 1.009103 0.4311599 0 0.7031783 1.24004 1.313357 3.72272 1.833429 1.839698 1.689542 1.309646 0.9327602 0.6757946 0.3696397 1.89047 3.113281 1.729456
-9999 -9999 -9999 -9999 -9999 1.321411 0.9073074 0.7747229 -9999 0 0.8913551 -9999 -9999 -9999 -9999 2.138671 2.190858 2.173924 2.179288 2.041912 1.174561 1.085129 0.9455714 0.7854012 0.536723 0.235358 0 0.6104325 0 0.2632126 0.4055273 1.655294 2.948157 1.540084 0.3936807 0 0.2681799 0.7171692 0.9361529 1.246302 1.387726 3.434094 1.549299 1.546637 1.480613 1.328274 0.8533151 0 0.4977686 1.080806 1.813241 1.041581 0.7522119 0 0.3996297 1.086831 1.212551 3.55956 1.758873 1.791756 1.795376 1.620126 1.185374 0.7298322 0.4043453 0 1.856613 3.098621 1.605585
-9999 -9999 -9999 -9999 -9999 -9999 -9999 -9999 -9999 -9999 -9999 -9999 -9999 -9999 -9999 -9999 -9999 1.228191 1.212757 1.227993 1.227922 1.137434 1.007601 0.854509 0.6058924 0.2814287 0 0.4478543 0 0.2811638 0.4552617 1.678336 3.170408 1.321975 0.8732269 0.347429 0 0.7109108 0.9835353 1.361937 1.509016 1.634062 3.559058 1.595495 1.502602 1.340702 1.108709 0.4959437 0 0.8101415 1.67306 0.7880636 0.4425374 0 0.9152718 1.0891 1.198837 3.465509 1.703586 1.695626 1.641228 1.418822 0.9308947 0.4028923 0 0.6426708 1.549714 3.071576 1.505555
-9999 -9999 -9999 -9999 -9999 -9999 -9999 -9999 -9999 -9999 -9999 -9999 -9999 -9999 -9999 -9999 -9999 -9999 1.24797 1.325466 1.360578 1.290887 1.202759 1.101412 0.8931994 0.5735066 0 0.2703843 0 0.3241577 0.5306865 1.691405 3.235818 1.394347 1.689436 0.9483827 0 0.4719885 0.8170128 1.283922 1.458685 1.596387 3.439347 1.854598 1.504685 1.344676 1.117457 0.8283947 0 0.4630252 1.500899 0.457059 0 0.7290694 0.9485776 1.099612 1.181859 3.354631 1.610892 1.542374 1.420704 1.14577 0.6142405 0 0.3620231 0.8350389 0.9718955 3.091067 1.488207
-9999 -9999 -9999 -9999 -9999 -9999 -9999 -9999 -9999 -9999 -9999 -9999 -9999 -9999 -9999 -9999 -9999 -9999 1.041311 1.098103 1.106875 1.009118 0.8974853 0.7387633 0.4323911 0 0.2905097 0 0 0.3688209 0.8404503 1.652929 3.420148 0.7269754 1.732365 1.849019 0.7979367 0 0.4929875 1.098664 1.32008 1.491054 3.318788 1.485208 1.769027 1.3392 1.118941 0.8238983 0.458103 0 1.292902 0 0.448868 0.7553267 0.9714133 1.095927 3.231696 1.477253 1.498681 1.393108 1.234683 0.918209 0.3159997 0 0.5991307 0.8287725 1.145689 3.072352 1.534809
0.7318926 0.9809158 0.780127 1.062912 -9999 -9999 -9999 -9999 -9999 -9999 -9999 -9999 -9999 -9999 -9999 -9999 -9999 0.8199013 2.674927 2.738914 1.324413 1.265694 1.237139 1.193334 1.01701 0.7106588 0.3324064 0 0 0.6681289 0.4172692 1.644813 1.71851 3.727749 0.7516979 1.799131 1.789269 0.4709374 0 0.8393584 1.121828 1.337134 1.499697 3.13436 1.318796 1.632246 1.100371 0.8012366 0.4308267 0 1.058411 0 0.4538903 0.7851539 0.9905163 1.236821 3.061599 1.336396 1.342334 1.226625 1.060431 0.7142519 0 0.3047428 0.5698525 0.9753997 2.901052 1.502785 1.51338
0.7144752 1.099604 0.8555221 0.5443482 0.6669878 -9999 -9999 -9999 -9999 -9999 -9999 -9999 -9999 -9999 -9999 -9999 0.3978019 0.454038 0.8178967 0.9132788 2.765698 2.459681 2.396261 1.369624 1.248642 1.006777 0.6664028 0 0.3213157 0 1.183813 0.9865241 1.870284 3.739772 0.9778769 0.4925244 1.695891 1.649926 0 0.491496 0.8542925 1.131951 1.338749 2.868625 1.624193 1.098798 1.43351 0.7700506 0.4064473 0 0.8097221 0 0.4528004 0.804781 1.1956 1.362486 2.849593 1.166128 1.152329 1.018899 0.8495809 0.4924225 0 0.2872145 0.7279953 2.072153 2.215552 1.380254 1.391335
0.4569532 0.9974644 0.7398967 0.403848 0.7842326 -9999 -9999 -9999 -9999 -9999 -9999 0.652612 -9999 -9999 -9999 2.972816 1.751014 0.2722805 0.3121864 0.8275855 0.8938155 1.695241 0.7076766 2.149276 1.265877 1.052137 0.733721 0.3634611 0 0.9162033 0 0.4884094 1.947567 3.671616 1.62432 0.8059936 0 1.557513 1.527054 0 0.5033612 0.8685627 1.138233 1.335959 2.589286 1.461681 0.8092494 1.178684 0.3953657 0 0.5444381 0 0.4394374 1.045389 1.351173 1.069138 2.698123 1.062801 1.04706 0.8775769 0.6914749 0.2819224 0 0.5036211 1.921551 1.683464 1.182504 1.189711 1.181805
0 0.7000698 0.4202549 0 0.6936777 1.182708 -9999 -9999 -9999 -9999 0.8265343 0.7243574 0.5351465 0.2917875 0 0.6079854 2.890701 1.882534 0 0 0.6966431 0.6961587 1.613589 0.4452281 1.690972 1.27318 1.023168 0.4101166 0 0.7103645 0 1.31036 1.413095 1.778752 3.551911 1.622996 0.5099882 0 1.423797 1.400336 0 0.5143495 0.8762536 1.138313 1.496798 2.120798 1.252331 0.448256 0.9029714 0 0.2923638 0 0.713025 1.20208 0.9669486 0.8685864 2.57395 0.9855106 0.9855058 0.7852013 0.5567834 0 0.2992609 1.874499 1.014819 1.02887 1.023414 1.014677 0.9994861
0 0.3225657 0 0.3856865 0.6779907 0.5984567 -9999 -9999 -9999 0.4583534 0.3159056 0 0.5794891 0.2987531 0 0.4504001 0.6005977 3.035061 2.094534 0.6875538 0.4139775 0.3909067 0.3807235 1.54405 0 0.4997011 0 0.7641636 0 0.4278958 1.061844 0 1.115672 1.794036 3.215281 2.358802 1.60741 1.515415 1.307921 1.246808 1.23282 0 0.5184563 0.8756135 1.328512 1.099268 1.557909 0.9946131 0 0.5937867 0 0.3357772 0.9185902 0.7275432 0.6812852 0.6115702 2.418326 0.8279265 0.8342633 0.6047838 0.3299893 0 1.157167 1.347594 0.8873928 0.9027029 0.918614 0.9327688 0.9322314
0.2500764 0 0 0.3116781 0.3518198 0.5847482 -9999 -9999 -9999 0.6298084 0.58557 0.3649327 0 0.2879906 0 0.2413069 0.4751576 2.096473 2.873627 2.005712 0 0 0 0 1.510908 1.446393 1.300079 1.064234 0.4462211 0 0.7984964 0 0.5461672 1.797253 2.054944 2.970478 2.492659 1.367093 1.13839 1.067495 1.019779 1.029714 0 0.5100198 1.104184 0.8306124 0.7825516 0.7162289 0.6322452 0.3031159 0 0.5918368 0.4035557 0.4039958 0.3551637 2.107165 0.7309248 0.5625274 0.5686339 0.320031 0 0.5479927 0.5305753 1.217126 0.7142301 0.7533532 0.7928566 0.8179322 0.825556
0 0 0 0 0.3040506 0.5553943 -9999 -9999 1.886061 2.546808 0.7711531 0.6307083 0.3459941 0 0 0 0.2571613 1.769362 1.102404 2.940979 1.836023 1.691862 1.588376 1.609218 1.641296 1.609646 1.506298 1.317028 0.7973837 0 0.4365237 0 0.5486766 1.493731 2.123645 2.805687 1.431078 2.192334 0.5388715 0.8344805 0.786154 0.7637898 0.7601865 0 0.7879331 0.4534535 0.4047253 0.340778 0.2756956 0 0.2441072 0 0 0 0.8828708 1.607804 0.44626 0.2524423 0.2537165 0 0.2824255 0.2796262 0.2653927 0.7939155 0.4936109 0.5277832 0.5562096 0.5705172 0.5746646
0 0 0 0 0.2437234 0.285217 0.5079836 1.459875 1.874071 0.9189176 2.63722 0.9556949 0.775085 0.4975647 0.2350816 0 0 1.376335 0.9654645 1.010119 2.923308 2.600869 2.478882 2.420361 2.060411 1.489105 0.5430547 0 1.065396 0.4121343 0 0 0.5114301 0.8747754 2.148659 2.669932 1.237857 1.316178 1.871403 0 0.4702804 0.4363561 0.3966169 0.3696056 0.3610054 0 0 0 0 0 0 0.3077533 0.6173474 0.7735723 0.8932595 0.9771194 0.1930197 0 0 0 0 0 0 0.3483338 0.2083001 0.2302692 0.2471294 0.2532487 0.253633
0.1676701 0.1870679 0 0 0 0.2574157 1.024201 0.9143278 0.9058262 1.807322 0.9007263 2.449653 2.24535 1.055646 0.9447906 0.8499537 0.7184033 0.7739796 0.8221606 0.8659358 0.9091884 1.731065 0.7332941 0.7773342 1.581337 1.322722 0.8864558 0.5301192 0 0.6896729 0 0 0.4474962 0.5044726 1.92497 1.218344 2.454984 1.06168 1.073105 1.678616 1.201367 0 0 0 0 0 0 0 0 0 0.2459456 0.510796 0.7532196 0.8169568 0.6353685 0.1770589 0 0 0 0 0 0 0 0 0 0 0 0 0
0.6618497 0.2256872 0 0 0 0.24342 0.5572192 0.8269141 0.846387 0.823695 1.515065 0.7203463 0.6735633 1.836487 1.332096 0.7989778 0.6089612 0.6012665 0.6237646 0.6785511 0.7310497 0.7588868 1.727662 0.4671355 0.4866872 1.454393 1.10214 0.837438 0.4671629 0 0.2870262 0 0 0.4546663 1.562402 1.047739 2.168417 1.026429 0.78936 0.7805002 0.4284106 0.8102307 0.2503802 0 0 0 0.2735109 0.2546188 0 0.2357921 0 0.2515302 0.4864112 0.566305 0 0 0 0 0.2315004 0.2742695 0.2880164 0.460305 0 0 0 0 0 0 0
0.8636991 0.6098087 0.255608 0.2325341 0 0 0.2920275 0.5964571 0.6242269 0.6139627 0.5862539 1.049881 0.5433838 0.5459543 1.31933 0.8490996 0.3808326 0.3602844 0.3483032 0.3765646 0.4115364 0.4258757 0.42055 1.54196 0 0 1.217645 1.015125 0.7384457 0.38097 0 0 0 0.3585693 0.9721214 0.788495 1.228437 1.62758 0.7542973 0.4279599 0.3624619 0 0 0 0.2857011 0.33016 0.6025559 0.592141 0.3196725 0.5053655 0 0 0 0.2079777 0 0 0.2834532 0.3124776 0.3319429 0.590442 0.9340526 0.7255468 0.290033 0.2840013 0.2806986 0.5091208 0 0.2399694 0.1999112
1.366922 0.4658656 1.142077 0.7505428 0.4620461 0.2034723 0 0.2509299 0.2677785 0.2766685 0.2887467 0.5341038 0.3210707 0.3320726 0.3332167 1.25547 0 0 0 0 0 0 0 0 1.331276 1.261412 1.138409 0.9564623 0.7080085 0.383447 0 0.2503803 0 0 0.6422369 0.4438883 1.034033 1.203041 0.4079909 0.3327744 0 0 0 0.2774745 0.5495946 0.5749691 0.7838683 0.7768358 0.5607083 0.7096831 0.2596801 0 0.2180659 0 0.4494404 0.3115789 0.3532358 0.629549 0.6132328 1.093374 1.039786 0.859169 0.5127891 0.5185207 0.5310857 0.7540739 0.3313642 0.5657881 0.7152154
0.629663 1.517638 0.7954475 0.6192867 0.3039826 0 0 0 0 0 0 0 0 0 0 0 1.003625 0.8735023 0.7098864 0.5548527 0.3289225 0 0 0.5691016 0.3597562 0 0 0 0 0 0.6487485 0 0.2909727 0 0.2959498 0 0.7318099 0.4230773 0.3332717 0 0 0 0.2869699 0.5669403 0.7789136 0.7706667 0.9180809 0.9020793 0.72915 0.8641607 0.4930426 0.251373 0 0.4527005 0.297685 0.8141314 0.63721 0.6182593 0.7742894 0.7267653 1.608752 0.9673064 0.6973473 0.7162478 0.7302722 0.9071727 0.5627052 0.7578055 0.9158911
1.860169 0.9055542 0.8281251 0.6303048 0.3146687 0 0 0 0 0 0 0 0 0 0 0 0 0 0 0 0 0.3483577 0.8042216 0 0 0.4081088 0.4307696 0.4358532 0.4345532 0.9653674 0.422157 0.6937981 0 0.3365472 0 0 0.3273974 0 0 0 0 0 0.7364942 0.7596198 0.9254498 0.9271823 1.074998 1.081408 0.9419814 1.079304 0.7597172 0.540242 0 0.2774937 0.7419162 0.6122101 1.383531 0.7790405 0.7234537 0.8255293 1.805617 1.025339 0.8079439 0.8301569 0.8445486 0.9861776 0.7030435 0.8744155 1.031548
0.7456031 0.5962341 0.3578914 0 0 0.2709811 0 0.242691 0.2573402 0.2723645 0.5251749 0.3196815 0.3237123 0.3095065 0.283632 0.2802309 0.3041425 0.3291627 0.3484335 0.3590782 0.6348438 1.037225 0.3749571 0.37894 0.6823028 0.7161497 0.7411458 0.7465045 1.165984 0.7471817 0.9798984 1.68288 1.433109 0.9115784 0.6298827 0.3241337 0 0 0 0 0.3002856 0.3159548 1.063996 0.9065459 1.028447 1.036247 1.186503 1.214414 1.11216 1.251088 0.978135 0.795154 0.3244653 0 0.5322575 0.9367722 1.099259 1.83401 0.8577191 0.7820373 1.976975 1.070678 0.877131 0.8929844 0.9276441 1.078305 0.8436874 0.9822847 1.10801
0.3245139 0 0 0.3667712 0.6105249 0 0.3335975 0.5928006 0.5984506 0.6026488 0.8284103 1.04232 0.6605473 0.6457831 0.6177855 0.5973619 0.6076301 0.6335253 0.6577102 0.8838921 1.217487 0.6764162 0.6746345 0.8905272 0.9110268 0.9394749 0.961304 1.320196 0.9805054 1.179399 2.119886 0.9818944 0.7355756 0.4202003 0 0 0 0 0 0.3608746 0.3657 0.6081727 1.425006 1.064269 1.173756 1.165011 1.267686 1.264475 1.167948 1.292167 1.066193 0.9223444 0.5515909 0.2982454 0 0.7230169 0 0.319352 1.818551 0.9083406 0.8400137 2.000911 1.570929 0.9839912 1.025617 1.167905 0.9610477 1.073587 1.181037
0 0.3539464 0.6578796 0.897684 0.3906867 0 0.6175753 -9999 -9999 -9999 -9999 0.8261266 0.8658195 0.877347 0.8726923 0.8597103 0.8682063 0.8948734 1.103665 1.403386 0.9245428 0.916277 1.085718 1.076424 1.085982 1.099499 1.39786 2.841492 2.716241 2.510548 1.349656 1.175282 0.9621156 0.7096821 0.3972352 0.3666798 0 0 0.317415 0.3763386 0.6582721 0.6233984 0.780341 1.898337 1.299301 1.296754 1.368936 1.331049 1.211669 1.305241 1.112029 1.00067 0.7075443 0.5157798 0 0.3011943 0.9048364 0 0.5356593 1.792881 0.9831995 0.9729514 2.493518 1.088613 1.117082 1.235746 1.060362 1.176695 1.272832
0.478337 0.7793874 1.03447 0.6709322 0.3895583 0 0.7847322 -9999 -9999 -9999 -9999 0.8932524 0.9675534 1.002779 1.017362 1.012708 1.030568 1.227237 1.526487 1.137868 1.138939 1.282996 1.261463 1.243757 3.388307 3.286237 3.125563 1.87732 1.831694 1.780784 1.699139 1.576866 1.419384 1.243237 1.037336 0.3347172 0 0 0.2984218 0.627888 0.650228 0.819631 0.7489512 2.059954 1.308096 1.324369 1.424463 1.419443 1.320846 1.406362 1.229376 1.136842 0.896686 0.7486694 0 0.3268905 0.5774506 1.077277 0.3161301 0.7059805 1.846221 1.138019 2.737093 1.227913 1.247093 1.343739 1.169868 1.269752 1.353078
-9999 -9999 0.7380666 0.5752603 0.3325475 0.9290733 0 -9999 -9999 -9999 -9999 -9999 0.9432491 0.9820353 1.009189 1.005357 1.149381 1.435108 1.188411 1.251202 1.420879 1.435202 1.429326 3.457912 1.977689 1.900747 1.814438 1.726394 1.641107 1.55114 1.439293 1.28991 1.097672 0.867981 0.5978765 0.2996561 0 0.2374309 0 0.5986608 0.8455337 0.7985044 0.8604276 0.781759 2.250449 1.284654 1.403548 1.430765 1.363462 1.453634 1.302525 1.235398 1.051444 0.956014 0.3491666 0 0.6116839 0.8015469 1.209546 0.5528867 0.8592488 1.901498 1.220225 2.848184 1.252274 1.344806 1.20448 1.318979 1.427887
-9999 -9999 -9999 -9999 -9999 0.246896 -9999 -9999 -9999 -9999 -9999 4.009173 4.198044 4.225022 2.628543 2.470129 2.299003 2.125673 2.09311 1.946647 1.452236 1.534759 3.518502 2.114422 1.900565 1.807062 1.692466 1.565923 1.432922 1.291477 1.128327 0.9252462 0.6667392 0.3487213 0 0.280661 0 0.4505637 0 0.3175198 1.140474 0.9483351 0.838381 0.86947 0.8426065 2.500763 1.423202 1.431758 1.355198 1.435458 1.309683 1.267723 1.131759 1.081953 0.611924 0.3604613 0 0.810792 0.9528931 1.288081 0.7042219 0.9234894 1.808227 2.806058 1.143843 1.260014 1.193839 1.333951 1.44863
