spi.asc
ncols         469
nrows         365
xllcorner     198538.8800233
yllcorner     438669.69527598
cellsize      10
NODATA_value  -9999
[rows 31 to 61 of 365, columns 276 to 344 of 469]
1.000318 0.9747699 0.8824334 0.7390535 0.5022075 0.2382328 0 0 0 1.735199 2.17022 0 0.9421785 1.005612 0.9197442 0.7165721 0.4040428 0 0 0 0.3623736 0.6879289 0.7145298 0.9143266 1.052881 0.8515587 0.5997418 0.5247751 0.2199093 -9999 -9999 -9999 -9999 -9999 -9999 -9999 -9999 -9999 -9999 -9999 -9999 -9999 -9999 -9999 -9999 -9999 -9999 -9999 -9999 -9999 -9999 -9999 -9999 -9999 -9999 -9999 -9999 -9999 -9999 -9999 -9999 -9999 -9999 -9999 -9999 -9999 -9999 -9999 -9999
0.6095826 0.6420809 0.548843 0.327599 0 0 0.5203525 0.30813 0.1537394 0 1.403407 2.003542 1.013553 1.164386 1.122264 0.9678194 0.7192351 0.3499539 0 0 0.2896222 0.3748735 0.6998981 0.8895177 0.6209226 0.3368753 0.3117192 -9999 -9999 -9999 -9999 -9999 -9999 -9999 -9999 -9999 -9999 -9999 -9999 -9999 -9999 -9999 -9999 -9999 -9999 -9999 -9999 -9999 -9999 -9999 -9999 -9999 -9999 -9999 -9999 -9999 -9999 -9999 -9999 -9999 -9999 -9999 -9999 -9999 -9999 -9999 -9999 -9999 -9999
1.842093 1.366389 1.561481 1.566024 1.495105 1.22684 0.4477222 0.2313889 0 0 0.2585126 1.568377 2.420874 2.494979 2.338347 0.9543679 0.7130201 0.361017 0 0 0 0.3420759 0.6765076 0.3838546 0 0 -9999 -9999 -9999 -9999 -9999 -9999 -9999 -9999 -9999 -9999 -9999 -9999 -9999 -9999 -9999 -9999 -9999 -9999 -9999 -9999 -9999 -9999 -9999 -9999 -9999 -9999 -9999 -9999 -9999 -9999 -9999 -9999 -9999 -9999 -9999 -9999 -9999 -9999 -9999 -9999 -9999 -9999 -9999
3.780366 1.783781 1.067218 1.115196 1.080982 0.9093958 0.6844801 0.4975194 0.2411183 0 0.2229803 1.617246 1.16022 1.261612 1.120736 2.018272 0.8970094 0.6058264 0.2587983 0 0 0.283825 0 0 0.3578122 0.5965465 -9999 -9999 -9999 -9999 -9999 -9999 -9999 -9999 -9999 -9999 -9999 -9999 -9999 -9999 -9999 -9999 -9999 -9999 -9999 -9999 -9999 -9999 -9999 -9999 -9999 -9999 -9999 -9999 -9999 -9999 -9999 -9999 -9999 -9999 -9999 -9999 -9999 -9999 -9999 -9999 -9999 -9999 -9999
0.7487656 4.016342 1.497881 1.296814 1.41956 1.317429 1.151771 1.046973 0.8798676 0.6488896 0 1.304782 1.117021 1.132106 1.096365 0.8717839 1.503207 1.050408 0.2398077 0 0 0 0.3249628 0.6386647 0.8668301 1.038505 1.197333 -9999 -9999 -9999 -9999 -9999 -9999 -9999 -9999 -9999 -9999 -9999 -9999 -9999 -9999 -9999 -9999 -9999 -9999 -9999 -9999 -9999 -9999 -9999 -9999 -9999 -9999 -9999 -9999 -9999 -9999 -9999 -9999 -9999 -9999 -9999 -9999 -9999 -9999 -9999 -9999 0.3886723 0.2646386
0.7530516 0.486906 3.796913 1.090653 1.30625 1.236714 1.086247 0.9744552 0.816956 0.5725822 0.5767986 0.6453995 0.6879595 0.9075885 0.8743559 0.8227981 0.5717595 0.2748547 0.3631615 0 0 0 0.3078384 0.6409626 0.8962197 1.089808 1.257472 1.408346 -9999 -9999 -9999 -9999 -9999 -9999 -9999 -9999 -9999 -9999 -9999 -9999 -9999 -9999 -9999 -9999 -9999 -9999 -9999 -9999 -9999 -9999 -9999 -9999 -9999 -9999 -9999 -9999 -9999 -9999 -9999 -9999 -9999 -9999 -9999 0.426708 0.8745268 0.4092399 0.7530887 0.4483252 0.2325715
0.670083 0.4474238 2.406672 4.122524 1.160287 1.138591 1.005012 0.8613619 0.660017 0.3616545 0.3395156 0.3451822 0.3474756 0.3430007 0.591862 0.5602185 0.5017495 0.224785 0 0 0 0.2176919 0 0.371706 0.6797407 0.91497 1.111426 -9999 -9999 -9999 -9999 -9999 -9999 -9999 -9999 -9999 -9999 -9999 -9999 -9999 -9999 -9999 -9999 -9999 -9999 -9999 -9999 -9999 -9999 -9999 -9999 -9999 -9999 -9999 -9999 -9999 -9999 -9999 -9999 -9999 -9999 -9999 0.1788824 0.5938723 1.098761 0.3151547 0.7660215 0.3200178 0
0.5331523 0.2976372 2.69325 4.069932 2.362593 1.011788 0.875137 0.6713834 0.3881094 0 0 0 0 0 0 0.2673839 0.2221902 0.1657595 0 0 0 0.2435739 0.5678618 0 0.3846668 0.657916 0.886928 -9999 -9999 -9999 -9999 -9999 -9999 -9999 -9999 -9999 -9999 -9999 -9999 -9999 -9999 -9999 -9999 -9999 -9999 -9999 -9999 -9999 -9999 -9999 -9999 -9999 -9999 -9999 -9999 -9999 -9999 -9999 -9999 -9999 -9999 -9999 -9999 0.5606732 1.105863 0 0.5586791 0 0.3186337
0.3083111 0 2.76506 4.13289 1.628996 2.366686 2.33469 1.543617 1.414544 1.216135 1.00654 0.8687664 0.7002429 0.4979938 0.283819 0 0 0 0 0 0.1863097 0.266402 0.5842537 1.298784 1.386449 1.437093 1.545049 -9999 -9999 -9999 -9999 -9999 -9999 -9999 -9999 -9999 -9999 -9999 -9999 -9999 -9999 -9999 -9999 -9999 -9999 -9999 -9999 -9999 -9999 -9999 -9999 -9999 -9999 -9999 -9999 -9999 -9999 -9999 -9999 -9999 -9999 -9999 -9999 0.3442354 0 0.7295375 0.2736997 0 0.4900421
0 1.587909 2.478264 1.04635 4.224581 1.687591 0 1.632881 1.535954 1.368448 1.177952 1.082947 0.9821094 0.8559995 0.7166352 0.4518135 0.1631984 0 0 0 0.2206771 0.5008669 0.5845767 0.8167699 0.9208592 0.9783432 1.098649 1.251479 1.069362 -9999 -9999 -9999 -9999 -9999 -9999 -9999 -9999 0.1697396 -9999 -9999 -9999 -9999 -9999 -9999 -9999 -9999 -9999 -9999 -9999 -9999 0 0.184929 0 -9999 -9999 -9999 -9999 -9999 -9999 -9999 -9999 -9999 -9999 0.3399686 0 0.4672086 0 0.2078055 0.2076628
1.455689 0 2.426313 0.9143315 3.974766 1.642271 1.533639 1.453428 1.374913 1.223701 1.029301 0.917051 0.8236901 0.7148681 0.5462965 0.2589199 0 0 0 0.1984334 0.2492529 0.5278118 0.79076 0 0.2863598 0.4376197 0.5848115 0.7547681 0 0 -9999 -9999 -9999 -9999 -9999 -9999 0.1346327 0 -9999 -9999 -9999 -9999 -9999 -9999 -9999 -9999 -9999 -9999 -9999 -9999 -9999 0 0 -9999 -9999 -9999 -9999 -9999 -9999 -9999 -9999 -9999 -9999 0.3208677 0 0.2179174 0 0 0
1.367491 0 2.415823 0.8378693 3.65467 2.661971 1.569142 1.547406 1.488276 1.369696 1.189299 1.079774 1.030398 0.9968601 0.8829049 0.6137921 0.3046102 0 0 0.2286885 0.4954583 0.5586087 0.7921243 0.9028124 0 0.2075641 0.3601123 0.5203009 0.7096565 1.00272 -9999 -9999 -9999 -9999 3.13216 0.5943835 0.1616311 -9999 -9999 -9999 -9999 -9999 -9999 -9999 -9999 -9999 -9999 -9999 -9999 -9999 -9999 0 0 0.5317582 -9999 -9999 -9999 -9999 -9999 -9999 -9999 1.005221 0.3418308 0.5168152 0 0 0 0.2218701 0.3415561
1.302928 1.624344 1.914922 0.7324258 1.384945 3.422805 2.68573 1.348839 1.279556 1.17755 1.004611 0.8625024 0.7810144 0.700683 0.519341 0.2275546 0 0 0 0.2497162 0.5331937 0.7756547 0.7707736 0.8421335 0.8301572 0 0 0 0.1975079 0.4849674 0.7014135 -9999 -9999 1.045571 3.584618 0.3987961 0.6651472 -9999 1.831215 -9999 -9999 -9999 -9999 -9999 -9999 -9999 -9999 -9999 -9999 -9999 0.6303322 0.5716957 0.2993212 0 -9999 -9999 -9999 -9999 2.861788 0.918326 0.7511309 0.5591332 0.7253377 0 0.2050115 0 0.4707261 0.6268256 0.6403939
1.314822 1.620695 1.907342 0.5718613 1.395021 1.057879 3.439248 2.542405 2.405563 1.883383 1.779225 1.686752 1.514418 1.262075 0.8639456 0.3780622 0 0 0.1903431 0.2726934 0.5607015 0.7775972 0.8920744 0.7882822 0.8041301 0.839642 0.1897334 0.1745723 0 0.2307174 0.4476089 4.756143 3.688926 1.224835 3.868681 0 0.2585669 0.5985965 1.921586 0.6896807 -9999 -9999 -9999 -9999 -9999 -9999 -9999 -9999 -9999 1.104637 0.3853919 0.3223104 0 0.2822724 0.7090759 0.5394861 -9999 1.486885 1.717507 2.259484 0.6490385 0.5002469 0.2839404 0.4344361 0 0 0.3039792 0.9932778 1.295871
1.273679 1.593657 1.892831 0.3487065 1.407885 1.094306 3.470758 1.023365 0.964258 1.707715 1.302426 0.6849622 0.5531629 0.595423 0.3126836 0 0 0 0.4227192 0.5288079 0.573901 0.7506505 0.8278593 0.8469052 0.7664085 0.8177729 0.8330538 0.9052905 1.032048 1.335861 4.833139 2.997422 3.034839 1.227062 3.879453 0.2613725 -9999 -9999 -9999 -9999 -9999 -9999 -9999 -9999 -9999 -9999 -9999 -9999 0.8562565 0.8092965 0 0 0 0.4234057 0.2347809 1.805694 3.662984 1.253924 1.508382 1.947112 0.6096305 0.4991082 0.2948446 0 0.2107656 0 0.5820083 0.7755433 0.8271767
1.115696 1.481363 1.82255 0 1.344034 1.023548 1.036544 3.429204 0.991216 0.9095823 0.7375368 0.7456104 0.6065537 0.3667148 0.3219619 0 0 0.226051 0.5172777 1.190586 1.572818 1.75558 1.865291 0.7898678 0.8295573 0.774237 0.6926529 0.4894938 3.808632 4.57866 2.562263 2.547031 3.17466 0.7213848 0.5727851 -9999 -9999 -9999 -9999 -9999 -9999 -9999 -9999 -9999 -9999 -9999 -9999 0.2978108 0.4883047 0.2173785 0 0 0.2211028 0 1.57241 3.33605 1.326968 1.078061 1.373098 1.122598 1.599424 0.5430016 0.322265 0 0 0.2868157 0.6086367 0.8202065 0.3159867
0.9003935 1.327973 1.733474 0 1.141155 0.9367102 0.979571 3.371499 0.8556133 0.9267561 0.7668774 0.5876456 0.6301251 0.3582004 0 0 0 0.2992007 0.5938185 0.7827998 0.8881142 0.9368047 0.9410617 1.928868 2.01498 2.061326 1.713851 2.672477 1.745517 0 2.577514 2.646021 2.892882 1.924507 0.480301 -9999 -9999 -9999 -9999 -9999 -9999 -9999 -9999 -9999 -9999 -9999 0.2495316 0 0.1767711 0 0 0.1537461 0.3584731 1.417931 2.88027 2.159517 1.301652 0.999296 1.334096 1.120521 1.367013 0.822084 0.3575544 0 0 0.2975653 0.6207575 0 0
0.7212781 1.203631 1.656619 0 0.851312 0.8094671 0.8837022 3.255233 0.8080562 0.7586926 0.784124 0.5998881 0.3530607 0.3000339 0 0 0 0 0.3544282 0.5709482 0.680663 0.757163 0.7960284 0.7793248 3.979627 4.06151 3.920866 0.9069935 2.192077 2.280447 1.992102 1.784172 1.782338 2.371583 1.650572 -9999 -9999 -9999 -9999 -9999 -9999 -9999 -9999 -9999 0.9648544 0.3792212 0.1986593 0 0 0.1463131 0.256845 0.3577996 1.138929 2.805254 0.5273059 2.187823 1.332787 0.9749395 1.383498 1.171529 1.189581 0.4120277 0.6833779 0 0 0.3126386 0 0.3626069 0.6098905
0.5362456 1.070174 1.541653 0 0.363263 0.6003479 0.7270765 2.542609 2.620708 0.7552204 0.5965819 0.5992845 0.327276 0 0 0 0.241802 0.3285941 0.5851753 0.7225327 0.7756396 0.8232977 0.8589356 4.067049 2.549691 1.299939 1.044423 1.205085 2.491106 2.405456 1.970125 1.721842 1.707253 1.610416 1.547644 -9999 -9999 -9999 -9999 -9999 -9999 -9999 -9999 0.6955717 0.2771133 0.5250227 0.1346172 0 0 0.1869973 0.3138887 0.7008058 2.318393 1.846882 0.4318099 2.22897 1.324279 0.9601207 1.48383 1.215053 0.74336 0.4521666 0 0.3156613 0 0 0.3626658 0.6132768 0.8068795
0.2848437 0.8772432 1.39053 0 0.3463229 0.5897526 0.7408618 2.48062 2.508257 0.7648178 0.6235299 0.3535671 0.3080958 0 0 0.2030213 0.659099 1.157872 1.229091 1.234074 1.193063 1.166409 4.217436 2.782733 0.8702472 0.8431358 1.047523 1.162503 2.45086 2.311336 1.800819 1.519931 1.524081 1.476073 0.3622672 1.152969 -9999 -9999 -9999 -9999 -9999 -9999 -9999 0.3572687 0.2341963 0.1259077 0.2729863 0 0 0.1937115 0.6026694 2.141632 1.17976 1.902185 0.2380945 2.186796 1.289898 0.9268056 1.553207 0.7456422 0.4642899 0.4372067 0 0 0 0.3639096 0.6364223 0.8006297 0.955321
0 0.7033626 1.298753 0 0.3540259 0.6119467 0.7904583 2.493875 2.483864 0.8008324 0.665184 0.3720146 0 0 0 0.2704262 0.528612 0.6927466 0.7675959 0.8097944 4.090457 4.135641 2.046488 2.534773 0.9570679 0.8445954 1.00304 1.073485 2.356923 2.170207 1.598442 1.296795 1.339526 1.368407 0.2607585 1.21264 -9999 -9999 -9999 -9999 -9999 -9999 -9999 0.9896438 0.3396434 0.1313054 0 0.1941598 0 0.1881536 0.3522094 2.244041 1.228402 1.878639 0 2.071672 1.177771 0.7953959 1.263286 0.4551219 0.4453934 0 0 0 0.3576308 0.6740947 0.8685784 0.9749217 1.0744
0 0.5520912 1.248271 0 0.3867479 0.6649149 0.8616748 2.52225 2.539452 0.6323233 0.6789815 0.3545603 0 0 0.2790418 0.5475434 0.6982939 0.7618976 2.410656 4.056201 1.971188 2.073521 1.011159 2.573925 0.9943281 0.8359653 1.014254 1.09722 2.476665 2.270139 1.616453 1.248608 1.287432 1.330917 0.144095 1.239006 1.078538 -9999 -9999 -9999 -9999 -9999 -9999 0.3281429 1.156537 0.289277 0 0.1473574 0 0.2099793 2.044739 1.188861 1.166015 1.097235 1.27838 1.925718 1.029658 0.5930086 0.705047 0.4358523 0 0 0 0.332035 0.6922917 0.9285544 1.062324 1.129354 1.141032
0 0.3199244 1.120764 0 0.4059938 0.707822 2.141255 1.791807 2.47383 0.6223968 0.3592237 0.2817209 0 0 0.3168752 0.551784 0.6376313 2.289998 3.91937 2.078261 1.942431 1.108974 1.055836 2.734137 0.961551 0.7716575 1.032434 1.190539 2.753892 2.557896 1.84683 1.372247 1.317742 1.280479 0 1.223623 1.139523 -9999 -9999 -9999 -9999 -9999 -9999 1.220001 0.3371491 1.293767 0.1689832 0 0 1.10864 1.841159 1.267115 1.180812 1.069706 1.27979 1.985619 0.512017 0.6262307 0.4130298 0.3904726 0 0 0 0 0.4353354 0.7044306 0.8541811 0.9300104 0.8813082
0.3102315 0 0.8598946 0 0.3769394 1.392897 1.528267 1.766324 1.408136 2.069486 0.2931093 0 0 0 0.3050001 0.4979058 2.256281 4.121564 1.078077 2.083699 2.16834 1.152766 1.026967 2.82674 0.8559101 0.6360162 1.00524 1.23767 2.975823 2.81653 2.134746 1.653068 1.537211 1.402066 1.287182 1.242797 0 -9999 -9999 -9999 -9999 -9999 1.344944 1.422075 1.447899 0.203256 1.191767 0 0.8286712 1.070838 1.339697 1.293724 1.19522 1.089921 1.377015 2.052035 0.5986305 0.3865708 0.3864869 0 0 0 0.3776052 0.973 1.152958 1.205699 1.181313 1.123648 3.451453
0.2986246 0 0.5828511 0 1.062374 1.020266 0.3936846 1.670076 1.290307 1.267002 1.112846 0 0 1.033487 1.879531 2.242989 4.121215 2.644117 1.170075 2.259416 2.297273 1.106097 0.9195611 2.877822 0.6773764 0.3925049 0.8817312 1.176485 3.075692 2.964065 2.312376 1.826455 1.717094 1.596623 1.473939 1.402907 0 -9999 -9999 -9999 -9999 0.4227323 0.2513778 1.485932 1.424042 1.321089 0 1.170175 0.8347176 1.030722 1.299689 1.263735 1.186469 1.106492 1.470265 2.057961 0.6699133 0.3899675 0 0 0 0 0.7268951 0.97646 1.090263 1.077659 0.97899 2.797491 2.678055
0.2965228 0 0.4145428 0.7703347 0.7056139 0 0.8186219 0.9763861 1.042343 1.013474 0.8163223 0 0.6611342 1.020048 1.199163 4.016604 2.190333 2.714299 1.061642 2.242029 2.259219 0.9155602 0.6736254 2.774454 0.3627141 0 0.6348555 1.016083 3.081307 3.00193 2.347893 1.844798 1.771622 1.717477 1.611883 1.518001 0 2.051504 -9999 1.472813 2.125388 2.07177 0.2770338 0 1.367977 1.299611 1.282711 1.257493 0.8763131 1.074914 1.359863 1.318601 1.23973 1.13913 1.528916 1.988509 0.4043686 0.3695937 0 0 0.3020543 0.4135009 0.7524245 0.9411119 0.9794648 0.8818761 2.604971 2.494484 0.7110712
0.5668598 0 0.2882393 0.7341669 0.5725889 0.337211 0 0.7246615 0.7828926 0.7863749 0.6789243 0.6503052 0.8704625 0.9583427 3.65984 1.878188 2.010288 2.517977 0.7758784 2.01239 2.016064 0.5821623 0.3175371 2.504863 0 0.2991786 0.7475278 1.977962 2.559101 2.916217 2.274637 1.805056 1.782987 1.759419 1.654508 1.551232 1.498577 1.564868 1.619041 1.636396 1.686402 1.541381 2.029131 0 1.343482 1.334453 1.349044 1.3159 0.8436627 1.056767 1.379539 1.331085 1.236202 1.096356 1.502796 1.768039 0.3626628 0 0 0 0.3828219 1.160952 1.312895 1.313504 1.162428 2.445107 2.284617 0.6958904 0.5789825
0.8465509 0.3465995 0 0.6336415 0.3700529 0 0.5937312 0.716086 0.7514915 0.6294875 0.5312719 0.696742 0.7543449 0.8163124 3.414487 1.586868 1.675512 2.178907 0.4468248 1.685365 1.687348 0.2521347 0 2.24621 0 0.449911 1.726413 2.260761 0.5203196 2.764691 2.140516 1.693099 1.686279 1.669363 1.59163 1.519363 1.474239 1.533382 1.578388 1.587272 1.636299 1.477345 1.385696 1.308674 1.283022 1.307529 1.347572 1.312903 0.7431678 0.9692594 1.317138 1.235411 1.096679 0.8990503 1.309921 1.418626 0 0 0 0.3348865 0.7194409 0.9765064 1.097548 1.042105 2.478964 2.175627 0.4952277 0.5761452 0
0 0.6466131 0 0.3430743 0 0.3626482 0.6140558 0.749551 0.6345273 0.507258 0.5986349 0.5304172 0.5413788 2.751909 2.001765 1.31841 1.391127 1.884413 0.1883828 1.386092 1.395399 0 0.205359 2.025928 0.2188285 1.522045 2.064466 0.2569162 2.151603 1.787908 1.99662 1.525275 1.524323 1.532346 1.48354 1.410128 1.329156 1.350018 1.369377 1.371511 1.438325 1.307463 1.256542 1.218709 1.222316 1.262074 1.324783 1.313855 0.6234003 0.8788538 1.239292 1.087697 0.8824726 0.6181499 1.026204 0.856813 0.1612564 0 0.2415131 0.6399905 0.9548606 1.130226 1.165874 2.590762 2.051477 0.9137825 0.3070542 0 0
0.4102808 0 0.2938197 0 0 0.3357182 0.6196862 0.5880533 0.5036813 0.6741646 0.5238544 0.4276671 2.488528 0 1.817558 1.198421 1.287572 1.785236 0 1.18997 1.199953 0 1.914566 0 1.433407 1.967006 0 2.067982 1.4535 0.6474883 1.912673 1.403406 1.403101 1.408933 1.345814 1.245622 1.126877 1.119994 1.124193 1.128933 1.222586 1.131653 1.140733 1.168666 1.227006 1.302616 1.384369 1.357265 0.4226413 0.7375572 1.142918 0.9189966 0.6508983 0.3335318 0.8083349 0.6309065 0 0 0.2870517 0.6556509 0.9212026 1.054712 2.654585 2.107401 0.7845845 0.6820416 0 0 0
0.6867975 0.3641316 0 0 0 0.2776831 0.3366103 0.3409575 0.7302569 0.6092418 0.4736487 0.5554968 2.47326 1.241817 1.231307 1.187601 1.272157 1.743349 0 1.077868 1.079882 1.16168 1.329942 1.366187 0.2341783 1.901082 1.41406 1.455258 1.42439 0.5059904 1.936728 1.3662 1.348076 1.34298 1.26825 1.158682 1.014479 0.9875501 0.9858687 1.004292 1.140321 1.085701 1.145232 1.21306 1.286256 1.361293 1.437454 1.365799 0 0.4691147 0.9817734 0.6940137 0.3692036 0 0.6905659 0.5698072 0.5033419 0.7135011 1.049056 1.310956 1.421215 2.523263 1.122566 1.945432 0.733931 0.2659461 0 0 0
