spi.asc
ncols         469
nrows         365
xllcorner     198538.8800233
yllcorner     438669.69527598
cellsize      10
NODATA_value  -9999
[rows 93 to 123 of 365, columns 276 to 344 of 469]
0 0.584103 0.4163083 0.7372215 0.7094585 0.8953509 2.079344 1.194053 1.206782 1.235721 1.259883 1.274008 1.281313 1.287607 1.145656 0.9922704 0.7919168 0.4889252 1.267508 1.042082 0.7518583 0.6852877 0.3376307 0 0 0 0 0.3311164 0.3859278 0.4358293 0.7999942 0.8307555 0.8191395 0.4619054 0.4238824 0.3953485 1.203333 0.6434155 1.523941 0.8718212 0.8836418 1.164778 0.8883362 0.7337846 0.6116998 0.6907493 0.8299351 0.9295087 1.033373 1.133209 5.019965 5.092305 5.094961 5.000231 1.17724 4.295943 0.7293929 0.6693806 0.3168504 0 0.6015944 0.6320675 0 1.277191 1.930106 3.894034 1.673043 0.7680308 0.6110387
0.2694521 0.6602539 1.463408 1.799977 0.9208489 0.848002 0.9891052 2.317161 1.26776 1.312767 1.357918 1.387762 1.402832 1.410267 1.28931 1.171687 0 1.441153 1.476195 1.314766 1.103101 1.079014 0.7886173 0.4221149 0.3461294 0 0 0 0 0.3628953 0.4365933 0.4849209 0 0 0 1.059823 0.3746895 1.413574 0.6415392 0.6659191 1.089301 0.9064293 0.8365752 0.7174152 0.6028272 0.6759379 0.7842652 0.8865668 1.018921 1.126211 1.214049 1.309565 1.365575 1.371396 4.738327 4.345922 1.118002 0.4734625 0 0.3169233 0.7590636 0.7832268 0.3190206 1.207753 3.848217 1.821854 0.860972 0.7866218 0.6228434
0.3312246 0.7140864 1.020442 1.208628 2.159334 0.9877886 0.9203087 1.052183 2.532872 1.360363 1.42545 1.479322 1.511013 1.525327 1.419853 0 1.377779 0.4941574 2.20812 1.496303 1.343416 1.354575 1.140744 0.8474106 0.7718979 0.3795768 0 0 0 0 0 0 0.4789516 0.7772895 0.9231063 0 1.244605 0.3428329 0.3566001 0.8725465 0.68918 0.717573 0.7021999 0.634119 0.5433639 0.9103729 0.948237 1.017012 1.151775 1.269704 1.352209 1.436719 1.486698 1.513411 1.397231 5.195116 1.125395 0.6160416 0.3019494 0.553196 0.896342 0.8714982 0.4618775 -9999 1.872401 0.8026342 0.7155527 0.5820214 0.3429899
0.6429011 0.978444 1.235784 1.378879 1.407141 2.350061 1.00162 0.9777992 1.133052 2.75706 1.463962 1.54168 1.600182 1.633257 1.549622 0 0.4672469 1.574913 0.8490658 2.63365 1.500251 1.529227 1.37877 1.166626 1.12722 1.05013 0 0.3268278 0 0 0 0.4131386 0.7707065 0.9990616 1.075144 1.06708 0 0 0.5319462 0.3334786 0.363573 0.3986702 0.4198522 0.4073586 0.3584881 0 0.2571484 0.4234388 0.5900597 0.753723 1.455924 2.078542 2.136046 2.159036 2.018682 2.15551 5.369295 0.6617603 0.4798325 0.7167753 1.010353 0.9296305 -9999 -9999 0.9514365 0.9928627 0.8705758 0.7433106 0.5366797
0.6856139 0.9906139 1.225677 1.361439 1.403988 1.371966 2.480653 1.061749 1.084737 1.230831 2.97252 1.568538 1.653314 1.718444 1.668822 0 0.4699062 0.8186598 1.725334 2.779475 1.594012 1.62081 1.51999 1.381717 1.949301 0.5471283 0 0.7777804 0.4061384 0 0.3751618 0 0 0.4454207 0.6702324 0.7413886 0 0.223165 0 0 0 0 0 0 0 0.3304634 0.4998914 0.6108802 0.7143517 0.8298739 1.27799 1.294617 1.459975 1.555734 1.487049 1.321273 2.385035 5.286035 0.4597287 -9999 -9999 -9999 -9999 -9999 0.8277629 0.7249531 0.507687 0.2806524 0
0.9380638 1.171531 1.352038 1.462623 1.506009 1.487849 1.427758 2.686688 2.859147 2.982266 1.286083 3.120814 1.6342 1.748292 1.747776 0.4473297 0 0.7917659 1.058111 1.776365 2.950741 1.636142 1.568308 1.488896 2.02693 0.9191436 0.5563521 1.138979 0.8384954 0.476533 0 0.7704944 0.4613517 0 0 0 0.8410751 0 0 0 0 0 0.3178253 0.6380526 0.8561324 0.9630932 0.9980603 1.029024 1.036421 1.061596 1.046216 0 0.3242326 1.118225 1.170519 1.102903 0.9893724 0.7678319 -9999 -9999 -9999 -9999 -9999 -9999 0.3095495 0 0 0 0
0.9515257 1.153627 1.311785 1.418283 1.470376 1.470156 1.446452 1.485978 1.584417 1.606347 3.160855 3.312813 3.063335 2.25968 1.727835 0.7083812 0 0.4379798 0.9989282 1.162955 3.060356 1.579 1.528463 1.491702 1.998742 1.124582 0.8993593 1.375666 1.156304 0.8739 0.5095828 0 1.044104 0.7764987 0.4285986 0.3863823 0.3515209 1.098984 0.3308552 0.3201449 0.3158707 0.3123598 0 0 0.33907 0.5571938 0.6798199 0.7855497 0.82728 0.847486 0 0.2582318 0.5379331 0 0.337579 0.5126621 0.5486472 0.4838564 -9999 -9999 -9999 -9999 -9999 -9999 0 0.3311627 0.3076354 0.3009337 0
1.14263 1.294983 1.412534 1.486358 1.51248 3.627995 3.718086 3.892491 3.990006 3.943502 3.855747 3.849813 4.290411 3.054567 2.245562 1.722453 0.8527777 0.3848315 0.6845573 1.052467 1.095541 2.960811 1.39856 1.41265 1.902736 1.216204 1.093284 1.509408 1.352326 1.135156 0.8576912 0.5017018 0 1.228519 0.9986967 0.7310447 0.7003406 0.6918399 1.394993 1.119475 0 0.7120677 0.6790876 0.3628159 0 0 0 0.2439186 0.401139 0.5113944 0 0.2498955 0.5130092 0.7710738 0.9674618 1.022441 0.928166 -9999 -9999 -9999 -9999 -9999 -9999 -9999 0.5893591 0.6365445 0.6339136 0 0.3844594
1.138429 1.274092 1.371282 1.417517 3.529577 1.698433 1.777762 1.053909 1.101043 1.682304 1.688742 1.721385 1.733596 4.369686 4.555795 4.683908 1.632865 0.8908953 0.5657744 1.152864 1.540739 0.9382344 2.855321 1.315485 1.823244 1.279953 1.218829 1.589348 1.474274 1.303939 1.085261 0.8162988 0 0.47198 1.373461 1.192037 0.9713493 0.967649 0.9885175 2.084552 0.4769872 1.048597 1.023831 0.7304006 0 0.324773 0.2917936 0 0 0 0.7983251 0 0 0 0 0 -9999 -9999 -9999 -9999 -9999 -9999 -9999 -9999 0.6947428 0.8155683 0 0.4045272 0.7179986
1.27923 1.371939 1.427218 3.42764 1.598098 1.652082 0.8541647 0.946513 1.008047 0.771145 0.9559627 1.08162 1.168568 1.209002 1.252822 1.329351 4.642941 4.591377 4.599113 4.572672 4.531996 4.478177 4.461544 3.059945 1.794447 1.349135 1.32333 1.659112 1.576859 1.441497 1.256144 1.030403 0 0.4577082 0.7657418 1.471601 1.293672 1.131459 1.155166 1.185069 2.289881 1.227355 1.21841 0.993409 0.4189144 0.6621875 0 0.6191925 0.3500643 0.3462164 0.3465272 1.156971 0.3843736 0.3911237 0.3545745 -9999 -9999 -9999 -9999 -9999 -9999 -9999 -9999 -9999 -9999 0.7996969 0.3244462 0.6317134 0.8935003
1.382206 1.430334 3.335469 1.528722 1.46844 0.5366112 0.6081489 0.7069084 0.4711835 0 0.4655086 0.7273281 0.8909557 1.007188 1.108618 1.205507 2.247605 2.453753 3.903957 3.98816 4.30792 4.359332 4.286862 5.078399 3.319879 1.351873 1.377307 1.695841 1.642646 1.538029 1.381046 1.184983 0.4393485 0 0.7338727 0.9321817 1.457837 1.320886 1.208236 1.230127 1.249107 2.449686 1.259781 1.102579 0.6928306 0.9072567 0 0.3948419 0.8840782 0.6615357 0.6592163 0.6697479 1.362262 0.6394911 -9999 -9999 -9999 -9999 -9999 -9999 -9999 -9999 -9999 -9999 -9999 -9999 0.4180615 0.6685492 0.8997864
1.207219 3.211279 1.477261 1.375507 0.2507872 0.2412068 0.2802501 0 0 0.4863257 0.7915298 0.9721393 1.083149 1.167693 1.252502 2.0077 1.486533 3.913733 1.509292 2.721613 0.5887485 0.8392749 0.9857627 0.9812446 5.152176 3.354963 1.904104 1.605589 1.594157 1.535591 1.426575 1.277542 0.7074445 0 0.4045112 0.8669553 0.9754503 1.422657 1.333227 1.225839 1.228607 1.226962 2.269882 1.674388 0.8107795 1.023304 0.3794305 0.6463563 0 1.020177 0.838999 0.8279157 0.8026771 -9999 -9999 -9999 -9999 -9999 -9999 -9999 -9999 -9999 -9999 -9999 -9999 -9999 -9999 -9999 -9999
3.150243 1.436091 1.346212 0 0 0 0 0.3336287 0.7274066 1.018104 1.202359 1.308833 1.360417 1.389761 1.436659 1.410389 3.972801 1.504451 2.756404 0.3346891 0.6500813 0.9383763 1.116917 1.166094 1.156025 5.32582 5.327438 2.165223 1.427136 1.437354 1.394969 1.302055 0.858131 0.3751177 0 0.576505 0.8748498 0.9798924 1.402563 1.333138 1.249574 1.229602 1.16385 2.05809 1.821319 1.044141 0.5742449 0.7535194 0 0.3115615 1.00324 0.8170066 0.7528366 -9999 -9999 -9999 -9999 -9999 -9999 -9999 -9999 -9999 -9999 -9999 -9999 -9999 -9999 -9999 -9999
1.416617 1.357508 0 0.2779827 0.4475541 0 0 0 0.4031134 0.7263202 0.9637318 1.126146 1.20978 1.245865 1.294433 3.942363 1.397723 2.704182 0 0.339516 0.6763642 0 0.445677 0.7066781 0.8569458 0.9509072 0.9287016 5.139892 2.305545 1.272665 1.287947 1.244154 0.8932786 0 0.6943148 0 0.602651 0.8466314 0.9963907 1.418303 2.028442 2.298154 2.38378 2.496408 1.992982 1.784675 1.282848 0.7497872 0 0.24041 0.3857373 1.024499 -9999 -9999 -9999 -9999 -9999 -9999 -9999 -9999 -9999 -9999 -9999 -9999 -9999 -9999 -9999 -9999 -9999
1.322464 0 0.3458549 0.5707052 0.7395677 1.214323 1.377944 1.640542 1.83514 1.950783 2.052701 2.128181 2.122157 2.056783 3.930754 1.285064 2.48754 0.8882558 0 0.3554848 0.7136321 1.015095 1.217495 1.334125 1.399897 1.421416 1.342899 1.18864 5.044714 2.194127 1.686351 1.110549 0.8441418 0 0.2253104 0.6575067 0.2037044 0.6532041 0.9393384 1.11968 0 0.2407538 0.3673758 0.4907615 2.649772 3.040269 1.552477 1.060824 0.663649 0.8013206 0.9070393 -9999 -9999 -9999 -9999 -9999 -9999 -9999 -9999 -9999 -9999 -9999 -9999 -9999 -9999 -9999 -9999 -9999 -9999
0 0.3788173 0.6436317 0.8408926 0.9868837 1.057733 1.085264 1.213326 1.401924 1.550748 1.70242 1.831072 1.864965 3.900253 1.224347 2.293715 0.8710154 0.7462214 0 0.3875271 0.7635019 1.067119 1.27217 1.394732 1.46313 1.477094 1.400015 1.259874 1.189616 5.027309 4.936062 0.9684036 0 0.885069 0.1973113 0.3328452 0.6972796 0.3654574 0.8268731 1.101327 1.163035 1.122422 1.074586 1.156609 1.422534 1.490314 2.903097 2.819151 2.767974 2.671104 2.908726 2.956814 -9999 -9999 -9999 -9999 -9999 -9999 -9999 -9999 -9999 -9999 -9999 -9999 -9999 -9999 -9999 -9999 -9999
0.4010423 0.6719531 0.8806275 2.819346 3.043308 3.136252 3.175913 3.288398 3.458431 3.615861 3.779737 3.90623 3.929236 1.243385 1.16763 2.071889 0.7730938 0.6014152 0 0.4227264 1.254465 1.491159 1.643645 1.725737 1.756523 1.726851 1.608239 1.445964 1.382932 1.355533 1.216366 4.836863 1.039871 0.9382289 0.3012576 0 0.4458667 0.8124184 0.5486503 0.9443143 1.493809 1.364244 1.317232 1.454121 1.793812 1.875224 1.614435 1.342281 1.128109 1.364904 0.08821376 0.1041848 5.115948 -9999 -9999 -9999 -9999 -9999 -9999 -9999 -9999 -9999 -9999 -9999 -9999 -9999 -9999 -9999 -9999
0.7139241 2.508199 2.707348 1.601739 1.40532 1.40335 1.36949 1.352057 1.361614 1.383543 1.415284 1.42307 1.239844 1.183947 1.870608 0.9835197 0.6280298 0.369689 0 0.9992954 0.8534811 1.164953 1.379002 1.513068 1.58255 1.572589 1.463356 1.316136 1.272353 1.270439 1.198647 1.139692 4.879136 4.785772 0.7638617 0.3680333 0.1606411 0.5878651 0.9752061 0.6634235 0.6583048 0.6198205 0.6570851 0.8439953 1.20062 1.327411 1.145996 0.9348935 0.73397 0 0 4.93364 1.334224 -9999 -9999 -9999 -9999 -9999 -9999 -9999 -9999 -9999 -9999 -9999 -9999 -9999 -9999 -9999 -9999
2.403834 1.095118 1.52137 1.323552 1.370304 1.390751 1.374057 1.346305 1.33171 1.3349 1.341484 1.167983 1.114826 0.8856935 1.511684 0.82109 0.3511365 0 0.6630838 0.4613668 0 0.5710888 0.9398321 1.174338 1.313756 1.352906 1.277657 1.155933 1.125295 1.139704 1.112841 1.076974 1.047147 1.033481 4.757988 0.9007013 0.5125703 0.3286592 0.7477231 1.342613 1.175508 1.049201 1.062121 1.303724 1.734555 1.856869 1.631135 1.374445 4.85484 4.488333 4.428709 0.9671801 1.1513 0.1086639 0.7708952 0.3170217 -9999 -9999 -9999 -9999 -9999 -9999 -9999 -9999 -9999 -9999 -9999 -9999 -9999
0.9291047 1.382237 1.142695 1.200699 1.245003 1.27125 1.26678 1.242431 1.217656 1.202538 0.9907469 0.9543981 0.6726174 0.6173128 0.9130699 0.5021276 0 0.2693094 0 0 0.5388008 0.9502037 1.227456 1.402028 1.503204 1.519453 1.421519 1.272833 1.21564 1.211951 1.179524 1.142642 1.115948 1.140637 1.19175 4.934715 4.995244 5.09268 5.159225 5.022172 4.730751 4.492833 4.462878 4.780144 5.314466 5.866873 5.677025 5.36622 0.3577563 0.5999561 0.9507614 0.8352924 0 0.6031746 0.1993066 0 -9999 -9999 -9999 -9999 -9999 -9999 -9999 -9999 -9999 -9999 -9999 -9999 -9999
1.248655 0.9160091 0.9600402 0.9951249 1.020275 1.042982 1.049058 1.042629 1.031455 0.7747366 0.7406276 0.4018556 0.3565961 0.3068469 0.2471559 0.183823 0 0 0.3358891 0.7571473 1.147868 1.436048 1.618051 1.720026 1.773908 1.766192 1.646451 1.467901 1.372409 1.336147 1.281101 1.242021 1.24671 1.283314 1.337997 1.391554 1.434361 1.483791 1.518626 1.459897 1.302196 1.1353 1.103951 1.330025 4.394072 2.644146 1.118742 0.4247929 0.8119478 1.284134 0.6048113 0.7085148 0.4783264 0.08140627 0.2111646 0.4017559 -9999 -9999 -9999 -9999 -9999 -9999 -9999 -9999 -9999 -9999 -9999 -9999 -9999
0.6777419 0.6817931 0.7013625 0.7123935 0.721237 0.7409772 0.758993 0.777006 0.4689448 0.4610723 0 0 0 0 0 0 0 0 0 0.4549533 0.8884044 1.214523 1.425301 1.548414 1.625429 1.651005 1.567829 1.416958 1.312566 1.262171 3.573548 3.539491 3.592455 3.675835 3.733923 3.850107 4.17448 4.211783 4.181052 4.049049 3.782761 3.493611 3.434637 3.629806 2.120943 1.002936 0.3988679 0.9966547 1.586969 0.7922527 1.005807 0.6918595 0 0.1113448 0.2524811 0.4783337 -9999 -9999 -9999 -9999 -9999 -9999 -9999 -9999 -9999 -9999 -9999 -9999 -9999
0.3523743 0.3525012 0.3612458 0.3695845 0.3817652 0.4023754 0.4220373 0 0 0 0.4391766 0.6852037 0.8145681 0.8892243 0.9002031 0.9016584 1.138051 0.2996204 0.3839555 0 0.5347683 0.9229332 1.176891 1.332012 1.43681 1.497402 1.465 1.359274 1.254431 3.651479 0.9865041 0.9417066 1.442583 1.066404 1.54019 3.131113 1.881538 0.5323356 1.025526 1.399573 1.515127 1.489395 0.4474109 1.771875 0.6163047 0.1648629 0.9836003 1.729428 0.2258991 0.8917173 1.153607 0.7859556 0 0.1634322 0.3237097 0.894094 -9999 -9999 -9999 -9999 -9999 -9999 -9999 -9999 -9999 -9999 -9999 -9999 -9999
0 0 0 0 0 0 0 0.4256633 0.7490748 0.9931018 1.169672 1.273195 1.317256 1.342512 1.317011 1.303672 1.446048 2.189875 2.515984 2.815667 2.97052 3.041144 3.04334 3.003101 2.957729 2.905887 2.795718 2.604977 3.771161 0.9772239 0.946166 1.444729 1.015476 1.58022 3.226815 1.958303 0.4687997 0.6451564 1.025213 1.068621 0.6365776 0.6447532 2.159904 0.6140849 0 0.7356076 1.267812 0.8651952 0 0.9039314 1.25592 0.829761 0 0.2176119 0.4096996 0.6198645 1.13844 -9999 -9999 -9999 -9999 -9999 -9999 -9999 -9999 -9999 -9999 -9999 -9999
0 0 0 0.2757967 0.5424016 0.8195101 1.058018 1.250241 1.412058 1.55866 1.681862 1.757913 1.789141 1.790061 1.734075 1.704715 1.8303 2.01933 2.214823 2.408493 2.546973 2.603792 2.601362 2.574526 2.552396 2.530111 2.469081 3.760887 1.013439 0.9173743 1.476698 0.9868346 1.524396 3.215825 1.939732 0.2670814 0.508459 1.005971 1.142132 0.7194189 0.8209437 2.542429 0.902687 0.74631 0.7439597 0.6739573 0.8479357 0.7681024 0.8019218 0.8277531 0.6786519 0.8101948 0 0.2676601 0.4924724 1.118045 0.5472529 0.9136206 -9999 -9999 -9999 -9999 -9999 -9999 -9999 -9999 -9999 -9999 -9999
0.3261401 0.329946 0.3193764 0 0 0 0.3586756 0.6382017 0.8655017 1.495668 1.756542 1.945361 2.074095 2.310359 2.383801 2.45355 2.534377 2.668548 2.801655 2.935193 3.026232 3.038547 2.998313 2.951367 2.92502 3.676472 3.70404 1.084628 0.9790542 1.568605 0.9591416 1.531126 3.188285 1.825558 0 0.2722172 0.86667 1.047998 0.5735006 0.7795117 1.567822 2.468108 0.9965329 0.8486595 0.8571414 0.7098811 0.8619428 0.6950439 0.6963865 0.7097028 0.5354116 0.7322063 0 0.3152259 1.072547 0.3378405 0.8047298 0.8032572 0.7861515 -9999 -9999 -9999 -9999 -9999 -9999 -9999 -9999 -9999 -9999
0.739772 0.7368933 0.7069573 0.6686432 0.3640658 0.3421716 0 0.320786 0.5541886 0 0 0 0.9589471 0.7242623 0.6906555 0.6668864 1.246994 1.852082 1.991621 2.125748 2.230647 2.26825 2.255856 3.065685 3.107664 1.35378 1.041948 0.9907028 1.715123 1.005547 1.639346 3.346728 1.422422 1.081293 0 0.6529146 0.8476446 0.3086052 0.5717197 1.529478 1.612694 2.109348 0.9749414 0.8300729 0.8453392 0.627089 0.8021572 0.5618755 0.5466058 0.5568224 0.3248925 0.5787094 0 0.9673976 0 0.6227668 0.6272368 0.6248512 0.620884 0.6337734 0 -9999 -9999 -9999 -9999 -9999 -9999 -9999 -9999
1.048574 1.551915 1.037984 1.013314 0.7398761 0 0.6386227 0 0 0 0.3287625 0.6214676 0.3914341 0.4138193 0.4089118 0.4070558 0.9664016 1.025301 1.690017 2.109161 2.404966 2.588479 2.642284 0.7309068 1.254788 0.8875757 0.8545498 1.729867 0.9558559 1.738683 3.565928 1.047917 0.8718142 1.077288 0.4890894 0.6687948 0 0.2917342 1.351838 1.482356 1.80624 0.8018436 0.8300027 0.6394403 0.6449211 0.3680773 0.614571 0.3263011 0.3067394 0.3047469 0 0.2983589 0.30809 0.3193187 0.3261893 0.3316927 0.3413025 0.3512305 0.3631862 0.3831123 0.6716269 -9999 -9999 -9999 -9999 -9999 -9999 -9999 -9999
1.237594 2.054948 1.255643 1.257962 1.051496 0.4712478 0.9903747 0 0.352806 0.3138917 0 0 0 0 0 0.6585634 0.7277862 0.8042907 0.8500927 0.8728684 0.8778704 0.5163441 0.4812474 1.167197 0.6954024 0.6613921 1.675933 0.7952757 1.686382 3.457167 1.960097 1.023877 0.8289343 1.100622 0.3216873 0.5379965 0 1.194832 1.287055 0.982436 1.129725 0.5500429 0.5513223 0.3053993 0.2929596 0 0.2764254 0 0 0 0 0 0 0 0 0 0 0 0 0 0.3917007 -9999 -9999 -9999 -9999 -9999 -9999 -9999 -9999
1.465562 1.32014 2.359821 1.378044 1.253709 0.8299142 1.271158 0.4774411 0.7621564 0.7078394 0 0.2914724 0 0 0.288071 0.3066718 0.3798921 0.4595972 0.5098821 0.5316889 0 0 1.0557 0.4425429 0.4034427 1.634333 0.6103988 1.597578 3.41174 1.396914 1.215899 0.9206637 0.6962982 1.06752 0 0.3423038 1.148803 1.174078 0.7643955 0.4206316 0.4011891 0.214628 0.1994375 0 0 0 0 0 0 0 0 0 0 0 0 0 0 0.2889929 0.5476949 0.7973505 1.011071 -9999 -9999 -9999 -9999 -9999 -9999 -9999 -9999
1.084394 1.437843 1.330358 2.583861 1.35616 1.059126 1.452299 0.8418351 1.077516 1.037218 0.434796 0.6592048 0 0.2671502 0 0 0 0 0 0 0.5220566 0.8392609 0 0 1.567025 0.3571495 1.515635 1.906417 3.169557 1.311401 1.09001 0.7179576 0.4259816 0.9252942 0 1.166003 1.189891 0.6749522 0.2299674 0.1802439 0 0 0 0 0 0 0 0.2945092 0.2844441 0.2933162 0.5145191 0.2783716 0 0.3067482 0.3127004 0.2991986 0.3061882 0 0 0 0.3176461 0.528953 -9999 -9999 -9999 -9999 -9999 -9999 -9999
