spi.asc
ncols         469
nrows         365
xllcorner     198538.8800233
yllcorner     438669.69527598
cellsize      10
NODATA_value  -9999
[rows 124 to 154 of 365, columns 207 to 275 of 469]
1.56265 2.044981 3.008457 0.1960455 0 1.639758 1.255831 1.783805 0.3173655 1.389588 0.6640535 1.377374 2.010252 0.8901214 1.412719 0.8080769 0.3299491 0.5306903 0 0 0.192751 0.4865739 0.8335034 1.099804 1.265029 1.350518 1.398321 2.20984 2.226352 2.258507 2.735636 2.91762 1.34795 1.388683 1.475129 3.314698 1.929416 1.325255 1.533067 1.429634 1.067249 0.7932293 0.4349702 0 0.9438695 0 0.2957491 0.4577121 0.553104 1.248625 3.659235 3.335853 1.317807 0 0.3515326 0.6323356 1.023389 1.29134 1.41285 2.50553 1.257907 2.079983 1.459119 0.4280046 0 0.3596943 0 0.6419413 0.8728687
0 1.258922 1.848912 2.949949 0 1.698189 1.23594 1.743656 0 1.212492 0.3530626 1.156652 1.82987 0 0.3453572 1.208432 0.5436339 0 0.2056848 0 0 0.3242857 0.6956286 0.9708428 1.123972 1.201582 1.261051 1.32252 1.386836 1.474725 1.578856 1.690013 3.066526 1.531749 1.485911 3.38096 1.887522 1.37287 1.569021 1.496447 1.206426 0.9871224 0.7015512 0.3607785 0 0.9175602 1.002 1.091104 1.222064 0.7869559 1.506863 4.408815 1.486346 0.3691511 0.6847159 0.9359559 1.282884 1.520006 1.60378 2.585553 1.384373 2.486242 0.7378374 0.4405968 0 0.6987333 0 0.3673986 0.8100263
1.117542 1.165534 1.814292 0 3.022711 1.788182 1.223961 1.176107 1.109027 1.021617 0 0.9235888 1.08156 1.09002 0 0.3218502 0.701985 0.236969 0 0 0.2679156 0.6234502 0.9715287 1.200343 1.294014 1.311038 1.339726 1.405353 1.461957 1.539447 1.676847 1.82078 2.532784 3.582156 1.603531 1.510167 3.497385 1.35023 1.54282 1.497334 1.256056 1.066422 0.8244506 0.5464201 0.255924 0 0 0.2345354 0.5228978 1.726204 1.035462 4.602137 1.654771 0.6835509 0.9662028 1.194339 1.506057 1.715242 1.767776 2.655825 1.494421 2.616506 0 0.7555732 0.4621907 1.01884 0.4494924 0 0.6287628
1.009415 1.105853 1.199909 1.268299 3.096992 1.223521 1.251546 1.172607 1.084783 0.9848776 0.8544129 0.7155549 0.5514439 0.3214462 0.9178027 0 0.4751416 0 0 0.2550312 0.531374 0.8750951 1.19253 1.382306 1.435972 1.406054 1.399278 1.478445 1.562307 1.64046 1.7831 1.935546 2.051412 2.115937 3.736738 1.579865 1.445023 3.423673 1.432502 1.443353 1.269409 1.11376 0.9010803 0.6529236 0.3900386 0.1614573 0 0 0.3212189 0.6584437 1.90703 4.719716 1.76555 0.928539 1.190747 1.403049 1.682202 1.86849 1.90418 2.723557 1.607938 2.638459 0.4209235 0.9973031 0.8085281 1.28841 0.8400427 0.481755 0.9632365
0.9320546 1.043839 1.142494 1.215269 2.980301 1.325073 1.17209 1.1937 1.100953 0.9895992 0.8557629 0.7154752 0.5495766 0.3200774 0 0.6866983 0.2402075 0 0.2605691 0.5252799 0.7655652 1.08206 1.367924 1.520774 1.55094 1.507575 1.481935 1.563255 1.676493 1.769435 1.901631 2.043407 2.154249 0 0 3.564551 1.44893 1.374472 3.338766 1.957689 1.285529 1.223173 1.48803 0.6963105 0 0.3410066 0 0.2237101 0 0.413427 1.246253 1.942469 4.818995 1.091854 1.345925 1.541628 1.788567 1.966345 2.014332 2.800659 1.742632 2.703601 0.7259802 1.20027 1.070586 1.488736 1.135707 0.8657426 1.267724
0.8603449 0.981253 1.073433 1.15331 1.25401 2.905916 1.307671 1.120174 1.123941 1.000416 0.8646694 0.7257693 0.5566244 0.3227514 0 0.5003633 0 0.2666243 0.5569275 0.7715238 0.9624118 1.24839 1.506943 1.631442 1.653079 1.632589 1.621766 1.682593 1.782795 1.882113 2.008891 2.142881 2.251789 2.914935 0.3813767 0.3098016 3.327872 1.45114 1.457146 3.471213 1.228422 1.285584 1.912743 0.3419242 0.7407147 0 0 0.2506982 0.5923419 0.9219276 1.113139 1.796317 2.49459 4.878202 1.902402 1.590093 1.820748 2.012014 2.097219 2.880478 1.888335 2.8025 0.9925089 1.389511 1.279254 1.630983 1.335985 1.128179 1.474243
0.7275041 0.8852908 1.015654 1.124948 1.228941 2.81687 1.136383 1.234563 0.9900956 0.9734116 0.8446377 0.719521 0.5579641 0.3236238 0 0.2665277 0 0 0.3642628 0.612986 0.8141226 1.096935 1.360982 1.499644 1.553141 1.593678 1.629237 1.672525 1.743699 0 0.3911575 0.7165454 0.9799939 1.15647 2.823364 0.5453408 0.4742087 3.320591 1.546309 1.511646 3.555352 1.306738 1.998571 1.348637 0.3883521 0 0.3162135 0 0.5772812 0 0.3997141 0.6788561 0.8543291 2.702001 4.88063 2.338478 1.790756 2.010837 2.142916 2.938815 2.022176 2.906081 1.231604 1.560944 1.442473 1.718593 1.449143 1.275916 1.575301
0.5421408 0.7276512 0.8935876 1.043448 1.171336 1.746082 2.442512 0.97484 1.056641 0.7936776 0.809543 0.7080519 0.5597476 0.3266811 0 0 0.3045723 0.65776 0.917182 1.040642 1.151696 1.383957 1.612727 1.728892 1.780351 1.83497 1.877535 1.898441 1.938194 1.886111 0 0 0 0.4409524 1.444418 2.617738 0.6669875 0.6479389 3.436748 1.722472 1.746796 3.982069 2.132738 1.563325 0.7632846 0.4459711 0.7025855 0.3734803 0 0.8125639 0 0.3983874 0.688525 0.8877853 2.747723 4.851597 1.726571 1.971624 2.147069 2.950656 2.105586 2.96072 1.411145 1.681883 1.550294 1.76069 1.503434 1.345017 1.598841
0.3153636 0.5567541 0.7459947 0.9049516 1.043019 1.028577 1.110157 2.293107 0.7591053 0.8758802 0.6443557 0.7094448 0.5693306 0.3306603 0 0 0.3425046 0.7182741 0.9759988 1.084781 1.172543 1.382205 1.603513 1.738647 1.823715 1.896991 1.949764 1.98235 2.023111 2.088896 2.065234 0.4498037 0.4589115 0.7308881 0.8435379 1.328073 2.47306 0.7743471 0.8267625 3.596621 1.969807 4.229681 2.246596 1.72809 1.07467 0.8476071 1.071936 0.7720072 0.416566 0 1.025335 0 0 0.419129 1.085865 2.738589 4.850302 1.923617 2.106233 2.898159 2.112539 2.931127 1.504013 1.73709 1.613191 1.787748 1.5441 1.388089 1.595239
0 0.3340112 0.5945631 0.7850022 0.9219432 0.8864987 0.9755668 0.9110979 1.953037 0.6100371 0.8209864 0.5535033 0.5916651 0.3199316 0 0 0 0.4421822 0.7669078 0.9266857 1.039296 1.245609 1.472366 1.646747 1.781019 1.88073 1.947873 1.993956 2.037041 2.152117 2.219913 2.182754 2.342432 2.282905 2.129979 2.115489 2.287612 2.93501 3.119226 3.398547 4.274585 4.197163 2.133123 1.721216 1.24683 1.127625 1.351018 1.116 0.8091654 0.4363161 0 1.240748 0.4192657 0 0.7243018 1.21821 2.726607 4.883245 2.035677 2.795174 2.065264 2.843971 1.533289 1.751967 1.656283 1.820683 1.598408 1.445061 1.611656
0.7387919 0 0.3598728 0.6352865 0.8259559 0.7841744 0.8925295 0.836771 0.8044404 1.813706 0.5512262 0.8110968 0.3508583 0.2893355 0 0 0.3790092 0.753301 1.002532 1.119981 1.209202 1.381455 1.587448 1.777591 1.935763 2.043482 2.105466 2.133706 2.144869 2.759871 3.16696 3.461354 3.414846 3.265691 3.048696 4.04343 4.096611 4.194506 4.346447 4.539427 4.623297 5.026089 5.223334 2.426534 1.228828 1.239063 1.496347 1.348021 1.117578 0.8131288 0.4436523 0 1.418261 0.7376956 0.4429234 0.9354718 1.266191 4.918699 1.981294 2.701969 2.006787 2.729627 1.526889 1.748782 1.680484 1.835741 1.653687 1.547615 1.728071
0.3030113 0.5558022 0 0.3688565 0.6549313 0.6467202 0.8334221 0.8039466 0.7842201 1.769938 0.6348746 0.3874402 0.6311638 0 0 0 0.3934683 0.7452795 0.9853828 1.123796 1.236767 1.398622 1.593358 1.800425 1.980511 2.095402 2.150175 2.155736 2.131785 2.114753 2.108347 2.09802 2.069712 3.883184 3.879429 2.238425 1.341317 0.2958164 0.5678803 1.394974 2.01827 2.233017 2.139223 5.347147 2.579809 1.174078 1.490988 1.449957 1.314389 1.097905 0.8060155 0 0.4396851 1.601861 1.008949 0.7284309 0.9925252 4.887517 1.962098 2.634644 1.947065 2.604864 1.513361 1.752215 1.704298 1.850038 1.705944 1.658043 1.87851
0 0 0.2928259 0 0.3442966 0.3682821 0.6590701 0.6678066 0.6679512 0.8896214 1.492792 0.4047096 0 0.2938406 0 0.3504141 0.7050542 0.976218 1.164547 1.287014 1.398311 1.546077 1.723803 1.926173 2.105209 2.208316 2.239003 2.213725 2.160409 2.123011 3.794728 3.827923 3.88518 1.97267 2.514896 1.493382 0 0.3792686 0.8963246 1.278567 0.9751824 0.7381183 1.110132 1.183081 5.480905 5.334927 1.744931 1.360185 1.354983 1.24718 1.0462 0.4595394 0 0.7616277 1.716742 1.116792 0.7971255 4.856773 1.910712 2.534366 1.905623 2.570892 1.581948 1.809785 1.756092 1.897415 1.768883 1.732453 1.94769
0.5106081 0.3013632 0 0 0 0 0.3274646 0.3618101 0.3805512 0.6662312 1.054378 0.3699733 0 0 0.3215547 0.9008054 1.15902 1.343414 1.477427 1.565674 1.654223 1.788981 1.955825 2.13846 2.294564 2.372578 2.371393 2.315538 3.645749 3.655241 1.556044 1.569146 2.062105 2.653469 1.281901 0.4240344 0 0.7238847 1.144999 0.7451251 0.4592283 0 0 0.4341736 0.6741221 0.7414234 5.247025 5.35875 1.214245 1.238842 1.148173 0.7295727 0 0.4204496 0.9353101 1.6467 1.06629 0.8129083 4.754721 2.470663 1.913243 2.619294 1.703124 1.897586 1.811414 1.932154 1.806417 1.761722 1.941777
0 0 0 0 0 0 0 0 0 0.3173798 0.5367924 0 0 0 0 0 0.4282174 0.7534025 1.614481 1.97453 2.168447 2.2732 2.420921 2.573841 2.692681 2.737445 3.526108 3.540121 1.451669 1.527011 1.553014 2.111534 1.976594 2.109997 1.160757 0 0.4277877 0.9551774 0.4307528 0 0 0.4678109 0.7662976 0.9706407 1.113008 4.057316 4.014188 3.85748 5.464174 1.62379 1.094212 0.8398715 0.3716679 0 0.6477488 0.9820221 1.515847 1.036251 4.727849 2.44215 1.912502 2.627121 0 2.507518 1.85646 1.979242 1.880708 1.84727 1.999808
0.3196709 0.3529691 0.3694122 0.3556075 0.3159009 0 0 0 0 0 0 0 0 0 0 0.3380582 0.6447827 0.9095846 0.7360433 0.4503363 0.9961298 1.520217 1.935224 2.481887 2.856527 3.058563 1.547295 1.482889 1.557912 1.522583 2.104748 0 1.858924 2.059581 0.9482811 0 0.6744118 0 0 0.4516757 0.7874101 1.020894 1.160271 1.252185 4.04037 1.667555 2.008839 2.449507 2.295875 5.503413 5.348016 0.7596003 0.5249718 0 0.3282284 0.7247285 0.9362611 1.400301 4.695806 2.443481 1.970599 0 2.805524 2.539572 1.891153 2.059748 2.025362 2.029677 2.184469
0.576649 0.6093427 0.6401598 0.6530234 0.3711016 0.3598682 0.3344 0.2981992 0 0 0 0 0 0.3172176 0.3291876 0 0 0.3195085 0 0.7246856 0.4426171 0.4624912 1.284549 1.363222 1.208886 1.43763 1.426199 1.564233 1.511728 2.030563 0 1.767136 1.624507 0.9582075 0.6644388 0.3604339 0 0.411114 0.7548634 1.03541 1.237383 1.34672 1.377664 3.896589 1.489993 1.905513 1.560232 2.037504 2.612253 2.435817 2.031397 5.047565 5.356869 0.6261672 0.2662911 0.4354722 0.6996595 0.9084924 4.620528 2.404532 2.02334 0 0.3424211 3.354211 1.932217 2.118482 2.120947 2.149291 2.311088
0.7859994 0.8033164 0.8331466 0.6442739 0.6575473 0.6694701 0.6694261 0.3868715 0.3923732 0 0.3746644 0.3804488 0.4010137 0.7067379 0.6809076 0 0.2813781 0 0.2918656 0 0 0.9634771 1.047792 0.8738495 1.190964 1.226627 1.447993 1.423875 1.366535 1.293011 1.640816 1.449769 0.6965992 0.3778515 0 0 0.400967 0.7388477 1.026708 1.24972 1.37773 1.412482 3.81583 1.318901 1.727582 1.372089 1.973065 2.014647 1.903504 2.453566 2.60821 2.641782 2.792507 5.675425 5.539718 5.319177 0.5094271 1.134564 0.8970326 4.55967 2.463845 2.078072 0.3069569 0.545554 3.432074 2.060706 2.068161 2.093527 2.23829
0.9844732 0.9935222 0.8392988 0.8487549 0.8633448 0.8900965 0.6884726 0 0.7340236 0.4422623 0.7497597 0.756882 0.7666157 0.9970259 0.9588175 0.3919519 0.5880451 0 0 0.277247 0.5652607 0.6361833 0.4297595 0.8129405 0.8740115 1.176575 1.196643 1.180536 1.124182 1.543057 1.301091 0.3911867 0 0 0.3635012 0.6681546 0.9452798 1.174308 1.377327 1.522685 1.575603 3.834358 1.265736 1.641513 1.178066 1.818268 1.913915 1.858689 1.857212 1.826286 1.750177 1.680573 1.65195 1.625722 2.106804 2.167448 5.562974 5.511482 5.333472 5.244408 5.656696 5.865237 6.036275 0.4412799 3.159881 1.756359 0 2.472299 1.92472
1.158679 1.022126 1.032376 1.02239 1.024009 0.8710373 0 0.4137962 0.9791956 0.7788123 1.042531 1.055733 1.05438 1.225511 1.182277 0.7176485 0.8821198 0.3333811 0 0 0.2156217 0 0.3539862 0.4285209 0.7942328 0.8372995 0.8636584 0.8637002 1.445612 1.210524 0 0 0.3911445 0.6700251 0.8918021 1.093227 1.27219 1.430558 1.586706 3.692963 3.847565 1.272022 1.709513 1.087619 1.715916 1.791523 1.747176 1.765489 1.775995 1.785934 1.775606 1.768692 1.779745 1.77936 1.599175 1.445385 1.78582 1.940233 1.950112 2.053133 3.104914 3.292735 3.478506 6.003093 5.68553 5.374864 5.824631 5.844752 5.454221
1.157959 1.172933 1.186989 1.176882 1.0223 0 0.3866461 0.6966673 1.163103 1.032292 1.276659 1.30229 1.299806 1.437638 1.39488 0.995882 1.130806 0.6552354 0.3130567 0 0 0 0 0.3579236 0.416298 0.4453938 0.4713372 1.262079 1.071921 1.050298 1.201875 1.317001 1.423573 1.522134 1.606613 1.687374 3.155792 3.328784 3.537192 2.210353 1.221865 1.766739 1.02623 1.722872 1.730676 1.662901 1.682951 1.687989 1.700409 1.722205 1.733465 1.745368 1.770543 1.661382 1.633592 1.236386 1.118677 0.9907715 1.316865 3.221223 1.125738 1.092653 1.460265 0.3222708 1.963918 1.351305 0 1.613742 0.3727122
1.281861 1.291583 1.305138 1.182377 0.3759783 0 0.6727198 0.9298111 1.335002 1.248899 1.479311 1.518146 1.525021 1.647616 1.609127 1.260428 1.378396 0.9739631 0.8938074 0.3177306 0 0 0 0 0 0 0.9492891 0.7823476 0.8262276 1.091199 1.704287 2.116648 2.385598 2.629701 2.808003 2.960908 1.301017 1.48992 2.208699 1.100147 1.766199 0.8659825 1.734754 1.707758 1.586256 1.607917 1.61693 1.618184 1.622722 1.632111 1.635145 1.638411 1.513815 1.539729 1.161483 1.113918 1.023996 1.517335 3.618658 1.292807 1.186001 1.580313 0 1.141939 1.980036 1.683369 0 1.813915 0.3544983
1.405981 1.398855 1.29106 0.6415002 0 0.3881116 0.9170398 1.155847 1.532534 1.47534 1.689401 1.73391 1.747733 1.860793 1.82875 1.522314 1.631451 1.283753 1.537925 0.4310252 0.3677145 0 0 0 0.2632208 0.5536684 0.3693278 0.4324395 0.80727 0.8498656 1.11344 1.102241 1.292984 1.288459 1.276999 1.270643 1.454145 2.222493 0.8889173 1.693612 0.5587976 1.688168 1.662038 1.4987 1.497707 1.509145 1.515964 1.514823 1.505033 1.489491 1.469683 1.288584 1.302603 0.8808671 0.8984942 0.8748668 1.56152 2.960275 3.2915 1.349468 1.196309 1.629588 1.03277 0.8004426 1.761221 1.725988 0 1.776158 0
1.508272 1.368864 0.8070917 0.3512484 0 0.6477983 1.094161 1.334231 1.702165 1.67769 1.885698 1.937145 1.954576 2.059898 2.034022 1.76015 1.860846 1.557456 2.010229 0.8544454 0.4804206 0 0.3554481 0 0 0 0 0.3751594 0.4436408 0.8192359 0.8569334 1.134316 1.157266 1.179708 1.191109 1.3994 2.238911 0.5680864 1.574755 0 1.563752 1.549389 1.363786 1.354842 1.353631 1.359084 1.35772 1.343342 1.314257 1.277128 1.045364 1.023646 0.4746607 0.501249 0.5198659 1.466035 3.005987 3.204938 1.425209 1.28147 1.080237 1.576704 0.8244839 0.4965126 1.689281 1.654998 0 1.595094 1.43635
1.500969 0.945475 0.5552667 0 0.3185742 0.7825884 1.16829 1.418092 1.789891 1.807276 2.020623 2.081 2.101469 2.198366 2.176485 1.934016 2.031613 1.771359 2.423705 0.9234384 0.5387964 0.8261971 0 0.3476914 0.2482474 0 0 0 0.3677316 0.4288853 0.7976778 0.8523673 0.8962001 0.9356164 1.232987 1.242288 1.76869 0 1.406658 1.386058 1.371129 1.154466 1.149372 1.145939 1.144341 1.141994 1.12545 1.092929 1.050932 0.7761688 0.7589379 0 0 0 1.218911 2.933025 3.004577 1.432071 1.311378 1.123286 0.8586969 1.456237 0.4958403 0 1.552473 1.518908 1.484771 1.310324 1.112533
1.149211 0.7530105 0.2879753 0 0.4650163 0.7859074 1.125235 0 1.598838 1.966984 2.653709 2.131347 2.146205 2.23732 2.226231 2.020323 2.122169 2.898236 1.228605 0.9410235 1.173283 0.5209053 0.7893607 0.6976422 0 0.2472127 0 0 0 0.3173088 0.383377 0.4407503 0.4854119 0.8761352 0.9277923 0.9503599 0.943927 1.187012 1.157424 1.132321 0.8653249 0.8573505 0.854167 0.8511828 0.8492407 0.8438278 0.823105 0.7946328 0.4546632 0.4442605 0 0.4528494 0.7510246 0.9502135 2.746767 1.546759 2.700363 1.31176 1.146496 0.8892111 0.5285841 1.297565 0 1.393956 1.370126 1.338963 1.147235 0.9282267 0.8876479
0.995584 0.5714311 0.2914339 0.6304392 0 0.7637104 0 1.302011 0.4225556 1.817796 2.08787 3.03496 2.070944 2.161071 2.178568 2.019833 2.135005 3.034929 1.189752 1.38096 0.8839879 1.08772 1.020833 0.4261817 0 0.5927624 0.2757024 0 0 0 0 0 0.3437952 0.4169319 0.4809734 0.51508 0.8558457 0.8396958 0.8163956 0.4760361 0.4709671 0.4614865 0.4526923 0.4472817 0.4535597 0.4657159 0.46448 0 0 0 0.4532078 0.7719983 2.615269 2.690784 1.343581 2.324961 1.275108 1.144466 0.9032995 0.5442985 0 1.096822 1.247107 1.195655 1.158196 0.9434659 0.698064 0.6790404 0.6498638
0.832302 0.6274312 0.9605006 0.2971049 0 0.837015 0 0.3113241 1.655555 0.8217201 1.922584 2.004734 3.098754 2.012073 2.073614 1.964532 3.239406 1.304926 1.485196 1.107575 1.27451 1.214695 0.7327542 0.4092695 0 0.9003511 0.6500425 0.3393019 0 0 0 0 0 0 0 0.3972162 0.4131817 0.4163527 0 0 0 0 0 0 0 0 0 0.4538164 0.7528178 0.9761143 1.169719 2.454488 0.9590017 1.260378 2.00239 1.040315 1.112439 0.8880531 0.5386337 0 0.8534335 1.072648 1.020724 0.9564963 0.6824417 0.3825587 0.3832419 0.3833751 0
0.8485476 1.246324 0.6859188 0.3624807 1.224613 0 0 0.3048718 1.152793 2.30409 2.498271 1.807282 3.123492 1.857475 1.972502 1.907631 3.241443 1.516215 1.246372 1.42345 1.390049 0.9698484 0.6874609 0 0.4042887 1.143409 0.9840577 0.7468568 0.4181441 0.3747521 0.3183692 0 0 0 0 0 0 0 0.4026555 0.716735 0 0 0 0 0 0.3741683 0.7270006 0.9891508 1.164574 1.289128 2.042157 0.7179794 1.131471 1.665345 0.7659299 0.7993174 0.8194761 0.4917197 0 0.4789334 0.7981088 0.7867821 0.7527629 0.4101041 0 0 0 0 0.3744507
1.064608 1.759337 0.7509286 1.646018 0.351863 0 0 0.2847085 0.7273813 1.081225 1.249178 2.56338 1.625842 3.21148 1.919538 3.325396 1.525831 1.334232 1.529903 1.559525 1.226727 0.9634867 0.3955185 0 0.6960002 1.311381 1.198479 1.030503 0.7923957 0.7788446 0.7478744 0.4121343 0.3783612 0.338071 0 0 0 0 0 0 1.058699 0.4534873 0.4120287 0.3766372 0.346952 0 0.3750998 0.6987447 0.9278439 1.355244 0.379818 0.8862904 0.6725683 1.075259 0.3947707 0.3794176 0.3668652 0 0 0.3830994 0.4204164 0.4438919 0 0 0.3845793 0.6223121 0.849161 1.063772 1.227633
1.29413 2.107556 1.837572 0.7698672 0.4029716 0 0 0.2481747 0.7009779 1.078591 1.270562 1.297475 2.604776 3.381315 1.92964 3.445099 1.418119 1.619231 1.686303 1.447489 1.261134 0.7687282 0 0.4096902 0.9303884 1.433785 1.333758 1.207119 1.040437 1.05914 1.066019 0.8123723 0.7871595 0.7297957 0.3591503 0 0.36236 0.4421239 0.5070627 0.5323629 0.5211796 1.260006 0.7705963 0.7358587 0.6888579 0.6204269 0 0 0.3515111 0 0.5541514 0.3134537 0.300745 0.2684882 0 0 0 0 0 0 0 0 0.4291269 0.7323281 0.9347783 1.089109 1.26206 1.420527 1.531522
