sti.asc
ncols         469
nrows         365
xllcorner     198538.8800233
yllcorner     438669.69527598
cellsize      10
NODATA_value  -9999
[rows 248 to 278 of 365, columns 210 to 279 of 469]
4.591953 5.179923 4.42277 2.627793 1.811251 0 2.543059 2.768009 2.806871 3.043875 3.24738 3.801108 4.262607 5.625444 5.283542 4.128766 2.11536 1.9977 3.369807 2.48514 4.703677 2.504517 12.11034 4.308162 3.299453 2.910095 4.852413 6.531667 4.090072 4.418599 2.444178 3.414024 0 2.560102 4.12242 6.197758 6.860902 5.800407 4.250454 2.186279 0.7532109 0.5459568 0 0 0 0 0 0 0 0 1.969537 3.438349 4.047302 3.957451 0 0 1.823311 -9999 -9999 -9999 -9999 -9999 -9999 -9999 -9999 -9999 -9999 -9999 -9999 -9999
4.583039 5.012769 4.372247 2.928593 2.295256 0 1.611116 2.680888 2.714381 2.834477 3.522914 4.294057 5.187553 5.518258 5.981563 4.834827 3.912242 2.729708 2.662162 3.633314 2.824697 4.412064 12.96224 4.218596 3.500146 3.543149 5.105281 6.565075 4.603595 4.873182 3.29788 3.929966 1.570296 0 0 2.622272 4.04076 4.219799 2.989495 3.680382 1.348405 1.514919 0.9759315 0.8946313 0 0.8504995 0.9899114 0 1.049361 1.202333 0 2.177747 2.886019 3.236736 3.374247 3.577914 4.051723 -9999 -9999 -9999 -9999 -9999 -9999 -9999 -9999 -9999 -9999 -9999 -9999 -9999
5.515265 5.780759 5.04902 3.641876 3.036748 0 1.661606 1.928526 2.446361 2.688368 3.44131 4.816606 5.701204 6.030464 5.442103 5.329868 4.638002 4.255194 3.081798 2.837433 3.668338 2.804636 4.27914 13.68854 3.20501 3.351039 4.4744 5.518869 4.076747 4.183935 3.114162 3.60814 1.944762 1.144451 0 2.229221 3.973146 4.546811 3.575398 2.238236 4.373816 2.651315 1.869364 1.368241 0 1.835621 2.144156 1.801091 2.474898 0 2.642292 0 0 0 1.89199 2.417297 3.072562 -9999 -9999 -9999 -9999 -9999 -9999 -9999 -9999 -9999 -9999 -9999 -9999 -9999
6.486627 6.416351 5.450489 4.086488 3.555578 1.868441 2.112512 0 1.753892 2.524466 3.538502 4.806569 6.056725 6.326943 6.106617 5.329605 5.496049 5.060133 4.202356 3.077999 3.067714 3.398667 2.534616 11.53154 2.656799 2.797254 3.574757 4.269793 3.2513 3.268055 2.626382 3.044436 1.826208 1.130589 0 1.807959 3.786496 4.684267 4.117193 3.667259 4.385464 2.407696 2.392589 2.3514 1.912077 3.105127 3.286469 2.963517 3.748046 2.52347 0 3.650455 2.156506 1.960564 -9999 1.593277 2.404615 -9999 -9999 -9999 -9999 -9999 -9999 -9999 -9999 -9999 -9999 -9999 -9999 -9999
6.746462 6.44714 5.41382 4.248835 3.880088 2.571763 2.744574 1.530917 0 2.364245 3.766252 4.985126 5.901967 6.713659 6.506452 5.733466 4.978371 5.11661 4.454296 4.033879 3.402095 3.014569 3.114786 2.63137 12.24573 2.777302 3.364144 3.921563 3.116746 3.185051 3.962118 2.342566 1.750446 0 0 0 2.621868 3.911043 3.917111 3.011837 1.898646 4.527316 2.543767 3.117589 3.099182 4.262444 4.187624 3.712301 4.417648 3.550978 2.638774 0 3.74061 -9999 -9999 -9999 1.523151 -9999 -9999 -9999 -9999 -9999 -9999 -9999 -9999 -9999 -9999 -9999 -9999 -9999
6.599774 6.646913 5.992401 5.120251 4.963533 3.780452 4.121506 2.941524 2.048024 0 3.74563 5.045403 5.922708 6.602502 6.820165 5.748328 4.771874 4.340192 4.808603 4.810256 4.528509 3.530936 3.256088 3.853552 3.660475 15.83822 3.944106 4.50561 3.822237 4.070011 5.630108 2.868716 1.453255 0 0 1.395561 2.945689 4.260394 4.389818 3.692108 2.938837 2.172035 6.942979 2.95138 3.152311 4.207623 4.279779 4.010539 4.65608 3.848835 -9999 -9999 -9999 -9999 -9999 -9999 -9999 -9999 -9999 -9999 -9999 -9999 -9999 -9999 -9999 -9999 -9999 -9999 -9999 -9999
6.306461 6.71255 6.464003 5.94139 6.031051 4.998476 5.514177 4.440733 3.637652 2.553706 0 4.527475 5.803978 6.629118 6.475678 5.701106 4.591373 4.443905 4.849977 5.601718 5.303748 4.71845 4.105867 4.357516 6.674758 19.52877 5.03853 5.659382 4.875272 5.125278 7.572573 2.70344 1.899745 0 0 1.339778 0 2.342607 3.131795 3.22281 3.187897 3.395383 1.94053 5.774967 2.244917 3.149031 3.484971 0 3.996688 -9999 -9999 -9999 -9999 -9999 -9999 -9999 -9999 -9999 -9999 -9999 -9999 -9999 -9999 -9999 -9999 -9999 -9999 -9999 -9999 -9999
6.264587 6.546768 6.267576 5.966619 6.202109 5.401632 5.9442 5.084175 4.480715 3.664989 2.584738 0 5.355076 6.540259 6.198627 5.218243 4.583168 4.572649 5.248587 5.519234 5.764173 5.335366 5.280739 5.013384 8.360446 20.40107 5.477361 6.058524 5.22368 5.467425 8.587721 3.087562 2.330292 0 1.659261 0 1.74053 2.682716 3.589795 3.99435 4.26539 3.413889 3.179881 2.856713 4.838684 2.342718 0 3.152117 1.536371 -9999 -9999 -9999 -9999 -9999 -9999 -9999 -9999 -9999 -9999 -9999 -9999 -9999 -9999 -9999 -9999 -9999 -9999 -9999 -9999 -9999
6.493376 7.000974 6.6378 5.979578 5.825157 5.006834 5.393389 4.764318 4.38615 3.91881 3.344616 2.536128 0 5.702246 5.799001 4.97511 4.500316 4.908589 5.58251 5.944134 5.525749 5.788501 6.015087 6.094805 5.408521 20.48003 5.318215 5.826889 5.227347 5.704567 9.025355 4.659883 2.481799 0 2.293673 1.220565 0 0 1.591398 2.513759 5.11144 5.416608 4.596603 3.708274 2.970321 5.090687 5.866683 7.447106 -9999 -9999 -9999 -9999 -9999 -9999 -9999 -9999 -9999 -9999 -9999 -9999 -9999 -9999 -9999 -9999 -9999 -9999 -9999 -9999 -9999 -9999
7.066932 8.147769 7.902934 6.718898 6.009768 4.908729 5.064415 4.513738 4.236256 3.93892 3.63156 3.210031 0 2.246771 4.820354 4.750471 4.706131 5.212899 6.06684 6.199743 5.853859 5.825069 6.857115 6.838534 6.16728 20.23503 5.444761 5.927965 5.270186 5.610529 9.276655 3.074001 2.34589 3.178346 1.915054 0 0 0.6110842 1.416138 2.77021 2.489935 2.807518 2.6361 2.247045 2.888526 2.84816 2.503589 -9999 -9999 -9999 -9999 -9999 -9999 -9999 -9999 -9999 -9999 -9999 -9999 -9999 -9999 -9999 -9999 -9999 -9999 -9999 -9999 -9999 -9999 -9999
8.130514 9.302728 9.124153 7.89185 7.152764 5.951387 6.071677 5.461119 5.142712 4.763136 4.298966 3.754551 2.310133 0 2.566123 4.56319 5.166451 5.768705 6.289694 6.405462 6.085784 6.36122 6.729597 7.02976 6.004611 16.90663 4.504002 5.064641 4.580981 4.827679 8.309158 2.785632 3.869123 3.100112 1.423098 0.8011072 0 0 0.6303883 0.9449895 1.460526 2.026333 2.255149 2.914563 2.688024 2.318637 2.798429 -9999 -9999 -9999 -9999 -9999 -9999 -9999 -9999 -9999 -9999 -9999 -9999 -9999 -9999 -9999 -9999 -9999 -9999 -9999 -9999 -9999 -9999 -9999
8.623818 9.709805 9.633548 8.646125 8.18354 7.143203 7.407768 6.814985 6.496543 6.054913 5.422011 4.612762 3.171638 2.197029 0 3.054925 5.284839 6.277825 6.818794 6.627109 6.487159 6.592776 6.707197 6.271024 5.704266 4.229161 11.38446 3.783931 3.771922 4.015894 6.916296 3.467137 3.79719 2.866387 2.169458 0.9545859 0 0 0 0 0 0 1.900067 2.131875 2.268432 2.193839 2.659912 2.41424 1.860345 -9999 -9999 -9999 -9999 -9999 -9999 -9999 -9999 -9999 -9999 -9999 -9999 -9999 -9999 -9999 -9999 -9999 -9999 -9999 -9999 -9999
7.723948 8.820633 9.037414 8.433553 8.249104 7.476627 7.922484 7.533056 7.366336 7.027133 6.470179 5.698967 4.273983 3.29744 2.280622 0 3.906813 6.408 7.161707 6.771031 6.351547 6.390663 6.133686 5.824491 7.024245 4.429018 10.49139 3.24527 3.309863 3.422013 5.82855 2.910545 3.20916 3.631221 2.63841 1.319018 0 0.6159068 0 0 0 0 0 0 0 1.934521 1.983811 2.039886 2.493652 1.945459 -9999 -9999 -9999 -9999 -9999 -9999 -9999 -9999 -9999 -9999 -9999 -9999 -9999 -9999 -9999 -9999 -9999 -9999 -9999 -9999
6.456484 7.3026 7.562768 7.216735 7.236814 6.803977 7.471247 7.470368 7.588338 7.456218 7.08428 6.516677 5.309392 4.441918 3.488632 0 2.450323 4.622601 6.395004 6.200902 5.710857 5.447997 5.346212 5.19589 0 6.166426 10.66847 2.877091 3.849983 4.969067 2.256076 2.459568 3.386451 3.733304 3.117079 1.881297 0 1.64279 1.260127 1.326306 0 1.305938 0 0 0 0 0 1.621499 1.780773 1.686348 0 -9999 -9999 -9999 -9999 -9999 -9999 -9999 -9999 -9999 -9999 -9999 -9999 -9999 -9999 -9999 -9999 -9999 -9999 -9999
6.054396 6.668881 6.628825 6.191156 6.220148 5.94912 6.653732 6.874268 7.157927 7.18128 6.963078 6.569401 5.624139 4.964202 4.196953 2.519323 0 2.728568 3.747975 4.694642 4.529809 4.471079 4.540186 4.919485 5.589821 1.554132 4.688603 9.581842 5.870101 2.407515 2.32183 2.794289 3.337882 3.818687 3.500137 2.424963 0 2.817414 2.395058 2.56219 2.095142 2.832623 1.952429 0 1.308701 0 0 0 0 0 1.320209 -9999 -9999 -9999 -9999 -9999 -9999 -9999 -9999 -9999 -9999 -9999 -9999 -9999 -9999 -9999 -9999 -9999 -9999 -9999
20.37741 6.505552 6.504928 6.233994 6.372706 6.104003 6.539191 6.339685 6.206597 6.043436 5.819792 5.478086 4.724894 4.183619 3.570712 2.46122 1.580797 0 1.74312 2.869473 4.07584 5.58702 6.76379 4.783365 5.883459 5.642912 1.553241 10.39515 6.11788 2.808924 3.78063 3.001697 3.25609 3.679509 3.59297 2.744392 0 3.889314 3.246452 3.173355 2.759678 3.350519 2.81423 2.029491 2.464386 1.628639 0 0 0 0 1.164057 0.8526705 -9999 -9999 -9999 -9999 -9999 -9999 -9999 -9999 -9999 -9999 -9999 -9999 -9999 -9999 -9999 -9999 -9999 -9999
5.724602 19.91792 5.987525 5.886454 6.225 6.194708 6.561394 5.93476 5.224648 4.645435 4.250958 3.8483 3.188202 2.650856 2.000905 1.09334 0.4725281 0 0.9942091 1.720941 2.210824 2.851149 3.236551 7.997856 9.778242 10.0412 7.401497 8.152329 4.899833 2.467896 4.100106 0 4.076066 3.172618 3.150494 2.593668 0 4.457815 3.72209 3.489039 3.049043 3.415293 3.045341 2.632526 3.15154 2.691968 2.014644 1.926088 0 1.524683 0 0 0 0 -9999 -9999 -9999 -9999 -9999 -9999 -9999 -9999 -9999 -9999 -9999 -9999 -9999 -9999 -9999 -9999
6.172986 18.39562 5.281829 5.062145 5.241429 5.186998 5.387447 4.77263 4.08501 3.479773 3.015041 2.593508 2.06103 2.11168 1.003232 0.5747134 0 0.5037681 0 1.228469 1.884407 2.413159 2.891819 4.793384 4.505871 3.981713 2.687057 3.699901 6.914832 1.862281 3.259768 -9999 4.283496 2.702598 2.593839 0 2.257071 4.438932 3.83836 3.620641 3.242202 3.551807 3.349377 3.178245 3.72285 3.352028 2.865982 2.890336 2.205945 2.697334 1.480164 0.7847325 0 0 -9999 -9999 -9999 1.072581 0.3333005 0 -9999 -9999 -9999 -9999 -9999 -9999 -9999 -9999 -9999 -9999
2.676529 5.233104 16.1655 4.987765 6.235751 4.332272 4.115086 3.47368 3.019428 2.664453 2.374722 2.750472 2.114279 1.258162 1.434207 0.8209664 0 0 0 1.392346 2.421623 3.059207 3.571901 3.383867 2.781502 2.362009 1.888745 2.259368 3.631858 -9999 -9999 -9999 4.364036 0 3.083162 0 2.813371 4.823237 4.432586 4.196607 3.671718 3.777118 3.576565 3.539111 4.188059 4.045132 3.739277 3.817945 3.220206 3.470406 3.284595 1.618205 0 0 -9999 -9999 2.196781 2.276848 0.8755265 0 0 0 1.033402 1.404685 2.205695 2.505801 3.275728 3.506838 -9999 -9999
4.175811 2.478635 4.956351 16.64319 7.57912 4.172091 3.792014 3.136345 2.723329 2.457562 3.411803 2.491585 1.59678 1.554534 1.93591 1.616371 0.856962 0 0 1.336375 3.625443 4.541476 4.953872 4.195577 2.954858 2.334706 2.166384 2.018348 -9999 -9999 -9999 -9999 3.272137 1.338691 3.103941 1.915479 3.350416 5.236424 4.82144 4.502266 3.939745 3.973144 0 5.108978 4.297712 4.306139 4.225743 4.412484 3.82739 3.858011 3.894168 3.248685 0 -9999 -9999 -9999 2.807214 2.754487 1.325449 1.191426 0 0 0 0 1.594569 1.997625 2.894495 2.98361 0 4.554564
2.616972 3.907816 2.728416 5.54938 17.89918 4.252912 4.138622 3.680711 3.246434 2.796379 4.221068 1.8914 1.824788 1.877387 1.898846 1.983129 1.192427 0 0 1.150423 0 2.713464 3.561757 3.179331 2.254956 1.835304 1.938219 -9999 -9999 -9999 -9999 -9999 -9999 -9999 2.717396 2.136175 3.148008 4.539051 4.246171 4.067144 3.754197 3.985962 0 1.976639 6.675982 4.308863 4.138913 4.235947 3.753225 3.804402 3.977331 3.922012 2.689812 -9999 -9999 1.777463 3.366976 2.862639 1.852319 1.624692 1.580394 0 0 0 0 0 1.577844 1.69335 0 3.249411
2.607152 2.863995 4.36151 3.099444 5.460858 16.89233 4.395083 4.150529 3.782125 5.830685 2.292964 2.271805 2.097824 1.912812 0 1.739067 0 0 0 0 2.152221 3.801208 4.391522 3.669682 2.573381 2.152179 2.358683 -9999 -9999 -9999 -9999 -9999 -9999 -9999 -9999 1.75683 -9999 3.525854 3.647453 3.823461 3.831699 4.300766 0 -9999 6.727141 4.218423 3.903113 3.676527 -9999 -9999 -9999 4.378598 0 1.762833 0 1.874728 4.126823 -9999 1.952548 2.395421 2.026315 2.135658 1.906523 0 0 0 0 0 1.179193 1.272935
3.34514 2.78752 3.114616 4.609905 3.136813 15.14312 -9999 -9999 -9999 -9999 2.573738 2.640425 2.179703 1.262916 2.080184 0 1.861562 0 0 0 2.096045 3.799469 4.330986 3.68302 2.819514 2.526859 2.808796 -9999 -9999 -9999 -9999 -9999 -9999 -9999 -9999 -9999 -9999 -9999 3.271058 3.672335 -9999 -9999 -9999 -9999 -9999 -9999 4.112905 -9999 -9999 -9999 -9999 -9999 0 2.218964 0 2.421492 3.231354 -9999 2.057266 2.279291 2.7491 3.204308 2.53507 2.295894 2.001861 0 0 0 0 0.9833141
3.23456 0 2.501685 2.81158 3.612666 11.8191 -9999 -9999 -9999 -9999 -9999 2.380347 1.727049 2.31076 1.752106 2.729918 2.14998 1.609135 0 0 1.91681 3.608178 4.079876 3.66791 3.178432 3.041233 3.410915 3.426001 -9999 -9999 -9999 -9999 -9999 -9999 -9999 -9999 -9999 -9999 2.745036 -9999 -9999 -9999 -9999 -9999 -9999 -9999 -9999 -9999 -9999 -9999 -9999 -9999 1.202439 2.086065 1.299182 -9999 -9999 -9999 2.12993 2.146784 2.827222 3.083889 3.582754 3.80682 2.885342 2.323941 0 0 0 0
2.945884 1.112375 0 2.074789 2.111385 -9999 -9999 -9999 -9999 -9999 -9999 -9999 2.213665 2.122179 2.974593 2.948793 3.180873 2.006452 0 0 1.643058 3.302759 3.784354 3.72484 3.590931 3.566699 4.031096 3.910482 3.887788 -9999 -9999 -9999 -9999 -9999 -9999 -9999 -9999 -9999 -9999 -9999 -9999 -9999 -9999 -9999 -9999 -9999 -9999 -9999 -9999 -9999 -9999 -9999 -9999 -9999 -9999 -9999 -9999 -9999 2.170855 0 3.256595 3.190727 4.008145 3.998702 4.393196 3.170844 2.361839 0 0 0
2.630937 1.329948 0 0.9936774 1.934919 -9999 -9999 -9999 -9999 -9999 -9999 -9999 1.579778 2.437337 2.868067 3.623428 3.473137 2.352533 0 0 0 2.225551 2.971518 3.422023 3.647049 3.705593 4.202731 4.108165 3.074112 -9999 -9999 -9999 -9999 -9999 -9999 -9999 -9999 -9999 -9999 -9999 -9999 -9999 -9999 -9999 -9999 -9999 -9999 -9999 -9999 -9999 -9999 -9999 -9999 -9999 -9999 -9999 -9999 -9999 -9999 -9999 -9999 2.63383 3.176888 4.12711 4.202986 4.468383 2.95028 1.785301 0 0
-9999 -9999 -9999 -9999 -9999 -9999 -9999 -9999 -9999 -9999 -9999 -9999 1.364144 1.7482 2.527304 4.874362 4.548886 2.482262 1.688121 0 0 1.929554 2.751233 3.495182 3.935407 3.988297 4.380821 4.330866 3.308021 2.249422 -9999 -9999 -9999 -9999 -9999 -9999 -9999 -9999 -9999 -9999 -9999 -9999 -9999 -9999 -9999 -9999 -9999 -9999 -9999 -9999 -9999 -9999 -9999 -9999 -9999 -9999 -9999 -9999 -9999 -9999 -9999 -9999 2.440491 3.201741 4.256384 4.208029 3.995284 2.037947 0 0
-9999 -9999 -9999 -9999 -9999 -9999 -9999 -9999 -9999 -9999 -9999 -9999 0.8990573 2.312299 3.23904 3.725933 4.567072 4.050543 1.731614 0 0 1.666378 2.635879 3.56331 4.199662 4.282959 4.378046 4.181811 3.277535 1.72072 -9999 -9999 -9999 -9999 -9999 -9999 -9999 -9999 -9999 -9999 -9999 -9999 -9999 -9999 -9999 -9999 -9999 -9999 -9999 -9999 -9999 -9999 -9999 -9999 -9999 -9999 -9999 -9999 -9999 -9999 -9999 -9999 -9999 4.708167 5.888953 5.992159 3.799869 1.982864 0 0
-9999 -9999 -9999 -9999 -9999 -9999 -9999 -9999 -9999 -9999 -9999 -9999 1.338387 1.065227 1.727632 2.805958 3.351098 2.819512 1.578127 0 0 1.513543 2.681742 3.642565 4.393793 4.579324 4.272645 -9999 -9999 -9999 -9999 -9999 -9999 -9999 -9999 -9999 -9999 -9999 -9999 -9999 -9999 -9999 -9999 -9999 -9999 -9999 -9999 -9999 -9999 -9999 -9999 -9999 -9999 -9999 -9999 -9999 -9999 -9999 -9999 -9999 -9999 -9999 -9999 -9999 3.553758 4.192153 3.592165 2.039222 0 0
-9999 -9999 -9999 -9999 -9999 -9999 -9999 -9999 -9999 -9999 -9999 0 0 0.9706519 1.587316 2.486543 3.086331 2.765523 1.55304 0 0 0 2.108772 3.087913 3.842148 4.231084 3.754628 -9999 -9999 -9999 -9999 -9999 -9999 -9999 -9999 -9999 -9999 -9999 -9999 -9999 -9999 -9999 -9999 -9999 -9999 -9999 -9999 -9999 -9999 -9999 -9999 -9999 -9999 -9999 -9999 -9999 -9999 -9999 -9999 -9999 -9999 -9999 -9999 -9999 -9999 0 3.268528 0 2.005605 0
-9999 -9999 -9999 -9999 -9999 -9999 -9999 -9999 -9999 -9999 0.7833816 0.5301641 0.9978114 0 0 2.311316 2.929896 2.681912 1.539507 0 0 1.425889 2.625738 3.384263 3.947617 4.42782 3.858639 -9999 -9999 -9999 -9999 -9999 -9999 -9999 -9999 -9999 -9999 -9999 -9999 -9999 -9999 -9999 -9999 -9999 -9999 -9999 -9999 -9999 -9999 -9999 -9999 -9999 -9999 -9999 -9999 -9999 -9999 -9999 -9999 -9999 -9999 -9999 -9999 -9999 -9999 3.60513 2.005674 0 2.68883 2.296381
