sti.asc
ncols         469
nrows         365
xllcorner     198538.8800233
yllcorner     438669.69527598
cellsize      10
NODATA_value  -9999
[rows 155 to 185 of 365, columns 210 to 279 of 469]
5.327785 3.734361 2.746476 0 0 3.056945 5.442496 6.688696 6.701525 5.90127 10.1892 15.57617 16.88493 8.356152 9.400159 9.015444 8.574273 6.834745 4.123712 0 4.635397 5.911459 7.447968 7.230403 7.053636 6.810029 7.139557 7.387011 6.700296 8.780146 5.326412 0 0 2.85476 4.833918 8.242838 10.44922 11.57037 5.476278 7.323005 5.667532 7.156476 5.059963 0 2.457799 0 1.858145 0 0 0 0 0 0 0 0 2.860881 0 0 0 3.151342 4.646096 5.711524 6.456231 7.101723 7.450253 7.464569 7.308162 6.971098 6.642673 6.765356
5.604388 5.393307 3.319611 0 0 0 3.927386 5.742748 6.466099 6.328438 6.228597 18.05236 16.46169 11.85043 9.311872 9.390129 8.140501 6.007164 4.257433 0 5.505275 6.425988 7.713893 7.513544 7.470224 7.424887 7.839985 8.114883 7.570534 11.03989 4.282768 0 2.892314 0 4.337334 6.335166 7.60558 8.251008 13.18253 13.20135 7.177873 8.64397 5.712685 3.241016 3.968806 0 0 0 0 0 0 2.388473 2.886127 3.239969 4.755051 4.808614 3.282804 0 2.313777 0 3.267135 4.970737 6.163254 6.777767 6.851283 6.671381 6.460517 10.05023 9.643303 10.0717
6.877631 5.660935 3.66398 0 0 2.553598 0 4.287253 5.716644 6.217174 8.310415 5.881427 21.76072 13.01729 9.184136 8.713214 7.253799 5.990032 4.242421 0 6.135041 6.866369 8.006728 7.837177 7.892124 7.951981 8.352887 8.558615 8.043359 11.92952 4.213242 4.900874 0 0 2.696238 4.850794 6.385799 7.40313 8.058579 8.129177 13.39218 6.410373 8.832216 3.948816 4.743125 2.944681 2.66436 0 2.18741 2.357634 2.747429 3.2906 4.727122 4.754661 6.872669 5.42955 4.23417 2.776678 0 2.788836 4.273378 6.163052 7.443365 7.77346 9.141316 9.979341 10.39082 5.519718 4.754277 4.620382
7.046821 5.753054 3.781398 0 2.052434 0 4.586 6.421671 7.530185 7.871295 7.482157 8.837756 16.65071 10.97935 7.664649 7.58971 7.061543 5.884096 4.235067 0 6.812884 7.365878 8.354032 8.150579 8.157898 8.134088 8.371871 8.472786 13.06588 5.33384 6.243485 3.548087 0 0 2.032006 4.190263 5.927405 7.244033 8.242752 8.621158 7.921305 12.53455 5.667675 8.524186 4.776268 3.873547 4.016707 3.025656 0 4.077257 4.437496 4.895065 5.006787 5.43337 7.557007 4.851591 3.869965 3.000121 2.000934 0 0 2.995393 4.625514 5.320419 5.054557 3.31231 5.416842 4.80539 4.834299 4.710009
7.121125 5.729245 3.69443 3.504381 0 0 3.271947 0 4.187015 5.329777 5.675672 5.170634 6.064818 14.91295 7.927621 6.83337 6.703036 5.692613 4.170624 8.033336 0 7.827023 8.729728 8.545564 8.478429 8.292695 8.259797 8.180151 13.0634 6.768474 5.197389 3.521342 2.442121 0 0 2.669556 4.652873 6.273736 7.578882 8.311279 7.961304 6.890998 12.16747 11.53755 8.441115 6.596794 4.921546 4.386967 3.399466 0 5.591576 5.751408 5.594569 4.800485 7.174481 3.921351 3.222796 2.852931 2.440672 0 1.825798 0 2.830694 3.579421 0 3.465936 3.011069 3.306969 3.414162 3.365275
7.149588 5.755413 5.671156 2.520839 0 0 3.166286 5.075619 6.191992 6.670989 6.790617 6.340949 4.678068 14.67163 7.70088 6.17538 6.356202 5.44916 8.618675 3.697918 0 7.911735 9.020995 9.137787 9.197172 8.904338 8.523503 8.141705 13.81373 6.104173 5.31314 4.699755 2.408228 0 0 0 3.275737 5.163925 6.643888 7.577002 7.600713 7.002391 6.461571 5.892318 12.43144 9.645307 8.501924 5.085894 4.619382 0 3.645902 6.185153 5.805603 4.869329 3.87712 6.517813 3.649196 3.670757 3.639168 2.448453 0 3.196618 0 0 1.549459 0 0 0 0 0
7.11106 7.680282 4.862602 2.447312 0 0 3.090878 4.909056 5.919158 6.447427 6.859623 0 0 22.12023 9.237297 6.090234 6.251673 9.211518 4.869096 3.280398 0 7.502952 9.133672 9.819685 10.12083 9.694693 8.941217 8.201901 14.59294 6.39157 6.549669 4.810465 2.406952 0 0 2.072224 0 3.799235 5.438411 6.468818 6.817897 6.726062 6.643517 6.541648 8.6263 15.47261 9.637069 9.082586 4.972489 3.467612 0 4.463817 6.061229 5.338037 4.722515 9.099597 5.427542 5.690219 5.715254 4.521883 3.404553 0 4.522571 2.340947 0 0 0 0 0 0
12.19429 9.062967 4.88517 2.393729 0 0 3.03052 4.753088 5.755997 6.486763 0 7.911912 3.654299 30.52425 11.05251 8.81744 9.897505 6.240502 4.687879 2.912774 0 6.828195 9.05095 10.28255 10.71063 10.09121 9.076052 14.85895 6.306528 11.22985 8.929721 4.859299 2.493325 0 0 2.328908 4.170893 0 3.847599 5.067113 5.723031 6.057966 6.378515 6.728364 6.909499 6.810167 15.50376 8.274902 7.971178 4.826982 3.857989 3.002503 4.617138 5.789136 5.717831 12.21707 7.309902 7.667817 7.612961 6.382842 5.423028 3.967119 6.357342 4.276085 0 3.54287 0 2.284253 2.115427 1.934948
7.654412 6.80319 4.844249 2.351711 0 0 2.99597 4.653655 0 0 7.811366 4.297917 9.092751 34.60089 11.6145 12.27338 7.401248 6.489162 4.788715 2.777008 0 6.670721 0 11.05403 14.63923 9.989475 16.96448 6.177918 12.02588 7.729649 6.787133 4.757455 2.618769 0 0 2.809598 4.308495 5.315406 5.921228 6.427057 6.847437 7.128307 7.56288 8.238987 8.717635 8.662056 7.810202 14.20399 13.33405 14.83713 15.41451 3.403413 3.084764 4.19358 5.694283 6.294594 13.5535 10.87097 8.136331 7.25472 6.627814 5.588098 7.714171 5.933375 3.621788 5.314225 3.23172 3.978455 0 3.406934
7.351935 6.616192 4.722213 2.316101 0 0 2.975057 4.580545 5.785209 3.998663 4.335398 9.366806 5.815829 8.348572 30.35847 13.54158 7.761014 6.953968 5.182859 3.041301 0 0 9.68661 3.824115 16.85849 9.146187 16.13008 10.79174 5.420792 4.463195 0 4.550623 0 2.834872 2.998831 0 4.408914 4.896483 0 2.773764 3.785185 4.529802 5.384981 6.55233 7.529848 7.908487 7.506108 6.342334 5.37816 5.169668 4.764524 13.19029 13.80462 14.63881 17.11784 18.89118 5.793654 12.11629 11.15189 6.602086 6.550872 6.11246 8.121553 6.802192 5.013605 6.332641 4.551238 5.033809 3.00359 4.268149
7.005306 6.314754 4.497532 0 1.86071 0 2.983264 4.547982 5.85201 7.16133 5.918875 6.225121 9.882442 5.815083 29.92796 14.70006 8.107711 7.415463 5.671164 0 3.177757 0 3.781445 10.98957 15.72419 7.871196 16.85759 8.747906 7.992217 7.456676 5.972808 3.212909 0 4.160218 4.329936 0 3.327998 4.59126 4.233137 0 2.213222 3.181619 5.27267 6.756251 8.910706 10.97709 11.61787 10.74933 9.826144 9.859817 9.543134 9.713578 9.87433 9.76224 10.50494 10.44659 19.1175 21.467 23.24102 23.20971 6.703799 5.191973 7.103837 6.435777 5.224164 6.265202 4.973538 5.404097 3.910191 4.820522
5.974025 5.094106 3.175039 0 0 3.265626 2.95645 4.488862 5.869457 7.298996 8.729689 7.454246 7.200267 8.908005 28.54294 14.87242 8.155456 7.629766 4.535345 0 4.909991 0 3.89642 4.75526 14.52911 13.0859 8.505113 7.19937 7.049424 5.913403 4.295509 0 3.120143 5.119431 5.226139 0 3.276884 3.821199 4.004336 3.214294 0 1.755359 0 2.946043 5.373406 5.85882 4.90603 4.419057 5.705726 4.362613 5.121063 4.632627 4.981938 6.366686 7.90933 8.750744 9.322453 9.868396 9.740114 8.127582 18.85563 5.280462 6.217834 5.063306 4.485884 5.367548 4.634293 5.159055 4.310909 5.348067
3.672578 0 2.938423 0 0 2.364545 4.374877 4.361602 5.845675 7.377534 8.836976 9.934719 8.221333 7.025823 28.87701 14.53274 7.918325 6.466138 4.638289 0 6.340379 4.013964 4.847409 4.327562 11.1367 6.000935 6.069386 6.533027 5.521227 3.910824 2.594076 0 4.304775 5.935089 5.932889 3.3802 4.368816 4.753473 5.002141 4.158268 0 0 1.611968 3.126951 3.968122 3.487627 3.602316 5.933108 4.221493 5.433599 4.768386 5.40169 4.813572 5.649443 5.026876 4.505966 4.601015 6.653378 7.842536 8.903303 7.941742 22.23136 18.07173 5.601489 3.700777 4.662495 4.258905 4.801865 4.478583 5.789608
5.385746 4.498574 2.667183 0 0 2.199911 3.619136 5.741842 5.87984 7.432627 8.87056 9.951199 13.69167 7.881507 29.40484 13.86925 6.657316 6.297106 4.6127 0 7.240519 5.106153 4.837496 14.06143 5.04355 5.791846 7.126756 5.362945 2.572183 0 0 3.12123 5.444788 6.802518 6.640939 4.509741 5.273132 5.692212 6.150343 5.640134 1.94214 0 0 1.626559 0 0 4.878122 3.143039 4.829082 4.154873 4.953563 4.348646 5.833453 4.919653 3.936509 3.965411 4.160786 4.365492 7.309756 4.232024 4.646658 4.720433 3.969044 16.68899 5.509112 3.916416 4.049715 4.807468 4.772574 6.105537
0 4.273122 2.485818 0 0 2.115585 3.578875 5.118926 7.206649 7.408643 8.810733 9.887796 10.39986 12.45355 30.66824 13.32158 6.182467 6.018396 4.439357 0 7.213881 5.07467 18.77812 7.798454 4.231639 4.962953 3.815723 0 0 0 2.700684 4.620245 6.631829 7.793282 7.452925 5.433478 6.007415 6.256951 6.610056 6.34381 3.012417 1.680419 0 0 1.760927 2.979114 0 3.285383 2.659671 3.718235 2.979887 5.026984 4.488595 3.215656 2.925389 2.876588 3.052981 6.767707 3.477697 3.479899 4.446081 4.904813 4.76861 4.106278 17.4053 15.3038 4.534784 4.229131 0 7.309387
5.196416 4.151834 2.351677 0 0 2.141009 3.633303 5.186003 6.624464 8.646421 8.682615 12.90538 13.33546 14.84681 9.428076 28.60985 7.930694 5.613596 4.104731 0 6.091342 18.49697 9.134684 4.491809 5.041137 4.128866 0 0 0 0 5.138752 5.944238 7.714644 8.872354 8.573606 6.565612 6.89924 6.841787 7.02953 7.918955 0 2.854433 1.674716 0 0 0 1.567153 0 1.988622 0 3.336894 2.94417 0 0 0 0 5.344483 0 0 0 3.457142 4.404086 4.802491 4.661965 3.903733 3.061326 14.44575 4.253832 4.004951 1.908383
5.414259 4.173113 2.305471 0 0 2.278561 3.755984 5.238602 6.605615 7.903963 9.725606 10.82648 11.47809 10.93774 11.08022 24.64807 7.901013 4.94525 3.618976 6.371703 16.92002 9.111433 4.872304 5.721208 5.415603 3.779162 0 0 0 3.352051 3.889876 9.287332 8.511107 9.740431 9.650095 7.684757 7.758088 7.47246 7.611291 8.943526 4.585925 0 2.781506 0 1.904418 1.729131 0 0 0 1.814046 0 0 3.049249 4.07055 4.170479 4.173779 0 2.95333 4.289031 5.258047 5.951133 6.427755 6.631083 6.359804 5.338558 4.111471 3.544693 15.74839 16.53877 17.49816
5.631503 4.281631 2.408936 0 0 2.496401 3.879422 5.256376 6.5478 7.770497 9.004452 10.16519 10.91146 10.54707 8.366482 21.63331 7.146553 4.311249 7.589069 25.05588 11.66469 4.780499 5.280161 4.925896 3.63139 0 0 0 3.55955 4.093328 5.643539 10.97234 9.116352 10.25731 10.22383 8.313802 8.123203 7.580822 7.53309 9.645907 2.939451 0 3.751521 2.271421 0 2.812344 2.867132 0 0 0 0 2.297464 3.765817 4.661902 4.530713 4.304654 4.98932 6.247819 7.302817 8.034325 8.527841 8.847317 8.898426 8.384679 6.941832 5.321126 4.65409 4.509435 4.577296 4.708019
5.70433 4.344397 2.621001 0 0 2.760055 4.064036 5.353438 6.555405 7.736225 9.015322 0 0 4.401254 8.165913 19.95063 6.63041 7.415163 30.83626 6.304422 5.587368 5.129537 4.445587 3.188859 0 2.426621 0 0 4.147481 5.83181 5.895154 12.6729 9.520908 10.41873 10.30088 8.462996 8.104371 7.450892 11.001 3.565699 2.676696 0 4.349958 3.274335 2.467578 3.756385 4.112241 2.384396 0 2.360123 2.34445 0 0 0 2.582115 3.006386 3.734881 4.873771 5.932035 6.729171 7.306827 7.731358 7.917896 7.57759 6.361423 4.990296 4.498887 4.29287 4.272569 4.487319
5.587064 4.261922 0 2.73898 0 3.013017 4.242498 5.400935 6.562603 7.780153 9.139864 10.36376 4.830842 0 4.327277 19.89836 7.813424 29.36853 7.177607 6.784338 5.873778 4.542532 2.93197 0 2.897171 0 3.58845 0 4.473734 6.03693 7.014622 13.86325 9.629249 10.23652 10.11974 8.443967 8.075968 13.5356 4.378741 3.541497 2.507613 0 4.232817 3.587037 3.261647 4.52034 5.088805 3.756394 3.048725 0 4.158553 4.107244 3.074231 2.909329 0 0 0 2.744772 4.029161 4.99676 5.695976 6.242884 6.596333 6.497882 5.616536 4.59397 4.357015 4.074728 3.807552 4.069531
5.38322 3.104488 0 3.968577 3.098734 0 4.448064 5.535025 6.719758 7.987549 9.374694 10.62246 11.31515 5.863278 3.186344 19.3972 19.47621 6.55187 7.20613 6.735609 5.380924 3.253264 0 0 3.999336 3.526479 5.543186 4.550678 0 6.084505 6.925668 14.90564 9.65738 10.1148 10.20845 8.830013 16.78502 5.581584 4.730272 3.779568 2.528759 0 3.955507 3.578434 3.738058 5.216188 6.061397 4.961798 4.490901 3.534486 0 5.313164 4.888095 3.697873 3.266798 2.345522 2.46786 0 0 3.180802 4.164961 4.840573 5.345665 5.506898 4.984518 4.31157 4.341538 3.99635 3.424547 3.638881
4.448214 0 3.005367 4.819186 4.227598 0 3.499166 5.775071 7.046313 8.331558 9.648365 10.81697 11.34928 10.39485 4.453752 19.37942 4.751065 7.041875 7.719701 7.158059 5.449468 2.746761 0 2.243479 5.855794 5.438644 7.041382 6.218965 4.690076 0 6.642644 15.41026 9.674973 10.25117 10.70928 9.725252 19.14728 6.177463 5.203212 4.092527 2.659645 0 4.136683 3.83302 0 4.786682 8.210221 5.498006 5.123363 4.460708 3.384388 5.643981 0 4.654716 3.808089 3.650267 3.296802 3.749965 3.091173 4.142793 4.724703 5.064539 5.346865 5.555992 5.182715 4.644743 4.82563 4.411868 3.547014 3.616228
3.370827 0 3.929479 5.26259 4.858932 0 3.519413 5.058964 7.326932 8.612861 9.818309 10.8131 11.05915 9.679342 6.842702 18.75309 5.252084 6.986785 7.228547 6.232553 3.963736 0 0 0 8.00683 6.625123 7.956316 7.277572 6.103489 4.406281 0 6.820812 16.45592 10.58303 11.15123 21.98967 7.543602 6.586302 5.507323 4.283256 2.759048 0 4.32573 0 4.509189 2.337488 4.57536 7.366405 5.096203 5.981568 3.665628 5.261489 2.711418 0 4.971154 4.443173 4.587679 4.495749 4.712442 0 2.877392 3.455469 3.788292 4.277253 4.348754 4.156256 4.520182 4.293584 3.503131 3.440547
3.507791 0 4.488672 5.389468 5.126986 0 3.513981 5.194562 6.715251 8.790401 9.877036 10.62688 10.53597 8.869747 7.424092 23.99453 6.227551 7.582834 7.498303 6.216283 3.656237 0 0 2.699174 3.544669 9.327377 10.54348 7.86603 6.939433 5.658198 4.056598 7.349196 16.48575 10.53684 10.79351 21.56294 7.333945 6.555885 5.511716 4.230678 2.696629 0 4.526861 0 1.787685 3.759384 2.266898 3.659173 5.499621 3.911012 4.605042 3.3111 5.21992 0 2.621296 5.477728 5.153941 5.420995 5.094057 4.97839 0 2.243794 2.704073 3.402827 3.80045 3.872766 4.388205 4.322971 3.648105 3.48671
3.486827 0 4.745102 5.231444 5.085402 0 3.587106 5.385761 6.896928 8.175858 9.858589 10.28831 9.860556 8.081147 7.741936 30.49082 7.136758 8.155092 7.693126 6.071203 3.295622 0 0 3.008231 4.835103 5.222135 10.01795 12.54959 7.275826 6.22095 5.007384 7.383409 15.49963 9.74822 9.565313 19.63472 6.87136 6.315748 5.312107 4.035031 2.519353 0 4.333325 1.617782 0 1.737788 2.821027 3.51799 4.830337 6.259891 6.874276 7.875808 2.976454 4.647061 2.191511 3.083461 5.28857 5.319297 5.515104 4.940886 4.285941 3.73598 3.672411 4.47727 5.026034 5.184594 5.833321 5.648378 4.724191 4.344193
3.29966 5.493119 0 4.867002 0 6.123303 3.706898 5.541848 6.98889 8.174981 8.96405 9.769248 9.029902 7.076871 23.14499 4.662676 7.199191 7.652716 6.596678 4.376178 0 0 0 3.39017 5.273065 6.376401 6.295945 9.969006 12.8686 6.31056 5.333023 7.050895 13.79591 8.316456 16.21027 6.103511 9.950074 7.969848 4.989026 3.755331 2.270682 0 3.466504 1.615177 1.165449 0 1.065962 1.686655 2.675624 3.137977 3.269211 3.418146 8.111513 9.252682 4.64097 2.539876 3.152081 5.081159 4.99653 4.7401 5.157239 4.089629 4.057496 5.272027 6.311467 6.961216 7.876654 7.407012 6.06842 5.440321
6.511729 2.753992 0 4.603155 0 3.080505 8.381594 5.607623 6.908411 7.91585 8.495481 8.535751 8.167424 6.135237 22.81356 5.022065 6.913046 6.709677 4.946933 0 2.66204 0 0 3.712376 5.567629 6.635083 7.051483 6.48244 13.82297 6.145859 5.406648 6.701626 11.86366 6.320981 13.41749 10.37368 7.765924 7.165628 6.117242 3.496157 2.135804 4.167949 0 1.237123 0.7951174 0.2357675 0 1.207367 2.799743 3.560263 3.712392 3.807167 3.974179 4.497549 10.49529 10.43596 10.66336 11.31751 12.13427 11.80481 9.497747 7.278502 7.478867 10.19493 13.04506 15.63234 17.73395 16.04406 12.75177 11.09134
4.267359 2.818962 0 4.585035 0 3.207196 5.219181 9.710895 6.654449 7.446075 7.87604 7.804781 6.95577 7.308729 25.98569 6.700951 8.910115 8.960849 7.48969 5.030742 0 2.882179 0 3.92836 5.591132 6.655248 7.054893 6.738639 13.09294 5.759919 5.289663 6.442889 10.57467 11.91991 8.654374 6.187696 6.254156 5.339936 4.228283 3.242227 5.819141 1.603632 0 0.6957272 0.2574713 0 0.532576 0 1.674131 3.552031 4.647127 4.588431 4.584085 5.067127 5.223619 5.041022 4.89291 4.805721 4.910275 4.59845 3.684971 2.926904 3.202731 4.540123 6.189304 8.062033 9.351506 8.431962 6.720955 5.812132
4.442446 2.958066 0 5.006543 0 3.222517 5.153935 6.334284 9.747901 6.925985 7.294452 7.187142 6.285369 7.427527 28.71195 5.473001 6.300591 5.107096 0 3.66372 0 4.324053 0 3.872701 5.326708 6.433356 7.012536 6.648944 13.13996 5.534858 5.114612 6.109607 16.87982 8.227278 4.690866 4.932214 4.188381 2.824399 0 6.587809 2.690157 1.737489 2.342168 1.300925 0.7611128 0.8441771 0 0 1.892289 3.103379 3.133735 4.494343 4.895028 5.365644 5.863245 5.977727 5.720674 5.461878 5.332804 4.751256 3.632241 2.866508 3.356625 4.719748 6.323986 8.294903 9.489491 8.435366 6.75511 5.752182
4.754245 3.12307 0 4.984477 0 2.902856 6.299579 8.826293 6.691649 9.480748 6.911357 6.803905 5.806201 7.313946 30.38748 4.767635 4.713183 0 5.858805 3.550147 0 5.260691 0 3.664525 4.959403 6.144957 6.974948 6.855082 14.59428 6.101575 5.482904 5.995112 17.68448 4.858939 4.936687 4.359411 3.076617 0 7.03836 3.529698 2.734639 3.667134 3.53014 1.80661 1.003347 0 0 0 1.724185 2.422104 3.388736 2.413981 0 0 0 2.190853 5.776688 7.004996 7.17881 7.281271 5.735953 4.676092 5.854583 7.707347 9.363664 11.6209 12.66035 11.03681 9.121559 9.539129
5.226203 3.425162 6.957474 0 0 3.068851 5.103538 6.494272 11.05887 12.44974 9.247382 6.535599 5.381095 24.30443 3.28012 6.836025 7.856552 7.29962 5.594498 0 3.361287 6.093932 0 3.587462 4.820043 6.052517 7.050261 7.220529 6.545824 14.71752 5.908121 5.867867 18.51048 6.46749 4.592788 3.390464 0 7.884543 4.120582 3.561327 4.608283 4.392581 4.219897 2.860893 1.795663 1.255009 0 0 0 2.206226 0 0 2.256424 2.815837 3.357592 5.403556 4.853163 2.756289 5.015326 3.101313 2.58413 2.136872 2.698477 3.557442 4.186886 5.050814 5.391347 4.891904 7.568316 2.956403
