sti.asc
ncols         469
nrows         365
xllcorner     198538.8800233
yllcorner     438669.69527598
cellsize      10
NODATA_value  -9999
[rows 31 to 61 of 365, columns 280 to 349 of 469]
2.688463 1.618454 0 0 0 3.736158 4.728102 0 3.696005 4.901371 5.119727 4.538763 3.264923 0 0 0 2.838825 4.280362 4.520281 5.071922 5.307103 4.526531 3.501663 2.870936 1.451062 -9999 -9999 -9999 -9999 -9999 -9999 -9999 -9999 -9999 -9999 -9999 -9999 -9999 -9999 -9999 -9999 -9999 -9999 -9999 -9999 -9999 -9999 -9999 -9999 -9999 -9999 -9999 -9999 -9999 -9999 -9999 -9999 -9999 -9999 -9999 -9999 -9999 -9999 -9999 -9999 -9999 -9999 -9999 -9999 -9999
0 0 2.046018 1.302363 0.8896528 0 2.358854 3.802071 3.666871 5.458873 5.921683 5.547992 4.562872 2.712416 0 0 2.108938 2.966444 4.388115 4.854398 3.685696 2.579891 2.327349 -9999 -9999 -9999 -9999 -9999 -9999 -9999 -9999 -9999 -9999 -9999 -9999 -9999 -9999 -9999 -9999 -9999 -9999 -9999 -9999 -9999 -9999 -9999 -9999 -9999 -9999 -9999 -9999 -9999 -9999 -9999 -9999 -9999 -9999 -9999 -9999 -9999 -9999 -9999 -9999 -9999 -9999 -9999 -9999 -9999 -9999 -9999
5.931646 4.727578 2.264432 1.555409 0 0 1.009033 3.645357 8.181716 10.79054 10.85629 5.427496 4.506624 2.824996 0 0 0 2.632506 4.177898 3.058295 0 0 -9999 -9999 -9999 -9999 -9999 -9999 -9999 -9999 -9999 -9999 -9999 -9999 -9999 -9999 -9999 -9999 -9999 -9999 -9999 -9999 -9999 -9999 -9999 -9999 -9999 -9999 -9999 -9999 -9999 -9999 -9999 -9999 -9999 -9999 -9999 -9999 -9999 -9999 -9999 -9999 -9999 -9999 -9999 -9999 -9999 -9999 -9999 -9999
4.759137 4.114789 3.177766 2.651038 1.645213 0 1.4788 5.711595 5.422932 6.323596 5.90794 9.186204 4.919835 3.5543 1.811354 0 0 2.052284 0 0 2.792346 3.474099 -9999 -9999 -9999 -9999 -9999 -9999 -9999 -9999 -9999 -9999 -9999 -9999 -9999 -9999 -9999 -9999 -9999 -9999 -9999 -9999 -9999 -9999 -9999 -9999 -9999 -9999 -9999 -9999 -9999 -9999 -9999 -9999 -9999 -9999 -9999 -9999 -9999 -9999 -9999 -9999 -9999 -9999 -9999 -9999 -9999 -9999 -9999 -9999
5.783384 5.461006 4.688827 4.486434 3.885171 2.914527 0 5.973499 5.874553 6.010431 5.689893 4.700427 6.526388 4.513628 1.633046 0 0 0 2.45986 3.841473 4.657661 5.182494 5.746467 -9999 -9999 -9999 -9999 -9999 -9999 -9999 -9999 -9999 -9999 -9999 -9999 -9999 -9999 -9999 -9999 -9999 -9999 -9999 -9999 -9999 -9999 -9999 -9999 -9999 -9999 -9999 -9999 -9999 -9999 -9999 -9999 -9999 -9999 -9999 -9999 -9999 -9999 -9999 -9999 1.298561 1.04377 -9999 -9999 -9999 -9999 -9999
5.367391 5.383328 4.802032 4.640564 4.233652 3.269168 3.304985 3.900956 4.280637 5.012612 4.722674 4.282664 3.262191 1.965219 1.658585 0 0 0 2.288731 3.861748 4.912927 5.631637 6.285844 6.921793 -9999 -9999 -9999 -9999 -9999 -9999 -9999 -9999 -9999 -9999 -9999 -9999 -9999 -9999 -9999 -9999 -9999 -9999 -9999 -9999 -9999 -9999 -9999 -9999 -9999 -9999 -9999 -9999 -9999 -9999 -9999 -9999 -9999 -9999 -9999 1.167429 2.440982 1.980369 2.969023 2.268989 1.56626 -9999 -9999 -9999 -9999 -9999
4.756241 5.237967 4.896297 4.610583 4.030667 2.831494 2.606588 2.663985 2.687253 2.641874 3.433786 3.164758 2.684799 1.495161 0 0 0 1.431117 0 2.934077 4.206866 5.077594 5.824369 -9999 -9999 -9999 -9999 -9999 -9999 -9999 -9999 -9999 -9999 -9999 -9999 -9999 -9999 -9999 -9999 -9999 -9999 -9999 -9999 -9999 -9999 -9999 -9999 -9999 -9999 -9999 -9999 -9999 -9999 -9999 -9999 -9999 -9999 -9999 1.094193 2.526586 4.28064 2.361619 3.81452 2.410258 0 -9999 -9999 -9999 -9999 -9999
8.208074 4.953712 4.729436 4.132055 3.101837 0 0 0 0 0 0 1.893297 1.471651 0.9859754 0 0 0 1.668067 3.229194 0 3.066606 4.011975 4.831831 -9999 -9999 -9999 -9999 -9999 -9999 -9999 -9999 -9999 -9999 -9999 -9999 -9999 -9999 -9999 -9999 -9999 -9999 -9999 -9999 -9999 -9999 -9999 -9999 -9999 -9999 -9999 -9999 -9999 -9999 -9999 -9999 -9999 -9999 -9999 -9999 3.168581 4.963398 0 3.151825 0 2.396401 3.712836 -9999 -9999 -9999 -9999
5.809913 9.834536 10.09915 6.901788 6.309285 5.210642 4.172353 3.800373 3.297304 2.654817 2.052226 0 0 0 0 0 1.156786 1.883887 3.368571 5.920367 6.057619 5.935179 6.373135 -9999 -9999 -9999 -9999 -9999 -9999 -9999 -9999 -9999 -9999 -9999 -9999 -9999 -9999 -9999 -9999 -9999 -9999 -9999 -9999 -9999 -9999 -9999 -9999 -9999 -9999 -9999 -9999 -9999 -9999 -9999 -9999 -9999 -9999 -9999 -9999 2.654386 0 3.524082 1.954064 0 2.591698 2.663849 2.709031 3.258729 2.106545 -9999
17.21053 6.732622 0 6.684646 6.291417 5.353296 4.356212 4.162748 3.988074 3.703905 3.423474 2.29541 0.9652218 0 0 0 1.457984 2.677744 3.371332 4.232093 4.205488 3.960041 4.2798 4.921302 4.665103 -9999 -9999 -9999 -9999 -9999 -9999 -9999 -9999 1.018468 -9999 -9999 -9999 -9999 -9999 -9999 -9999 -9999 -9999 -9999 -9999 -9999 0 1.145079 0 -9999 -9999 -9999 -9999 -9999 -9999 -9999 -9999 -9999 -9999 2.611172 0 2.413267 0 1.343057 1.341797 1.304637 1.338573 1.249929 1.066757 1.05995
13.49649 5.568449 5.804424 5.577079 5.406657 4.703213 3.776326 3.518111 3.4649 3.409783 3.048343 1.812509 0 0 0 1.260939 1.7212 2.895773 4.0162 0 2.07702 2.188566 2.464983 2.980388 0 0 -9999 -9999 -9999 -9999 -9999 -9999 0.7424369 0 -9999 -9999 -9999 -9999 -9999 -9999 -9999 -9999 -9999 -9999 -9999 -9999 -9999 0 0 -9999 -9999 -9999 -9999 -9999 -9999 -9999 -9999 -9999 -9999 2.418773 0 1.433142 0 0 0 0 0 0 0 0
11.81783 7.528839 5.320529 5.510428 5.426733 4.903773 3.996841 3.663386 3.784015 4.098837 3.908519 2.664316 1.280665 0 0 1.530703 2.634638 3.151233 4.027429 4.063091 0 1.340925 1.63803 2.045696 2.682476 4.143263 -9999 -9999 -9999 -9999 5.187487 1.644666 0.9525824 -9999 -9999 -9999 -9999 -9999 -9999 -9999 -9999 -9999 -9999 -9999 -9999 -9999 -9999 0 0 2.928149 -9999 -9999 -9999 -9999 -9999 -9999 -9999 4.898058 2.630024 2.806147 0 0 0 1.468757 1.514979 1.5015 1.309143 1.198499 1.400176 1.848761
4.625231 9.512937 7.891688 4.744269 4.650503 4.353232 3.605534 3.147829 3.160761 3.300667 2.826656 1.520358 0 0 0 1.725552 2.939952 3.892615 3.852973 3.600425 2.938627 0 0 0 1.252904 2.551678 3.306251 -9999 -9999 2.348831 9.574799 1.905636 2.403722 -9999 4.467664 -9999 -9999 -9999 -9999 -9999 -9999 -9999 -9999 -9999 -9999 -9999 3.76814 3.26165 2.204349 0 -9999 -9999 -9999 -9999 10.8742 4.185371 3.694944 3.155638 3.49121 0 1.318435 0 2.440476 2.756121 2.255264 1.97389 1.584358 1.48693 1.851371 2.29212
5.101865 3.51854 10.32593 7.997286 7.825832 6.369124 5.768037 5.309651 5.244992 5.005944 3.763813 1.760371 0 0 1.191169 1.944355 3.168819 3.908431 3.979385 3.211612 2.775905 2.578569 1.185954 1.058309 0 1.549256 2.263576 14.10257 8.515532 3.543247 13.7975 0 1.809157 2.558965 5.278772 2.555497 -9999 -9999 -9999 -9999 -9999 -9999 -9999 -9999 -9999 5.763638 3.074025 2.433237 0 2.037163 3.365058 2.991859 -9999 5.415399 5.861355 7.174303 2.915609 2.672791 2.05341 2.164846 0 0 2.250431 4.071797 3.999691 3.151282 2.475734 2.465797 2.964154 3.020173
5.683506 4.247246 11.37552 3.734859 3.856091 6.118465 4.825746 3.181395 3.105603 3.464421 2.336962 0 0 0 2.078335 2.903935 3.280359 3.691109 3.495323 3.045985 2.548943 2.457147 2.229671 1.916937 1.977746 3.232119 15.55933 5.950354 7.056534 3.878381 14.19342 1.83584 -9999 -9999 -9999 -9999 -9999 -9999 -9999 -9999 -9999 -9999 -9999 -9999 4.566752 4.169673 0 0 0 2.083369 1.58658 5.221831 11.87087 4.05983 4.550202 5.474347 2.635283 2.663702 2.160218 0 1.369272 0 3.349385 3.891709 3.490334 2.876457 2.419993 2.573221 2.852943 2.331197
5.687235 4.303102 3.827274 11.4834 4.056274 4.116258 3.58702 3.650971 3.560605 2.883111 2.429742 0 0 1.506666 2.809898 5.000153 6.143187 6.186833 5.688522 2.68886 2.522156 2.225415 1.59697 0.7871855 4.673093 11.54551 6.101781 5.977682 8.535842 2.758445 2.384237 -9999 -9999 -9999 -9999 -9999 -9999 -9999 -9999 -9999 -9999 -9999 -9999 2.189442 2.577974 1.428304 0 0 1.461827 0 3.840505 8.569725 3.625459 3.274039 3.914133 3.552579 5.22706 3.020977 2.432782 0 0 2.081475 3.578676 4.260899 2.36993 2.529343 2.451196 2.602002 2.521155 1.542432
5.259749 4.332297 3.969169 11.22624 3.701005 4.252476 3.821435 3.397604 3.766321 2.796299 0 0 0 2.20316 3.450608 3.950904 3.948709 3.657575 3.186471 4.668477 4.350172 3.878906 1.968725 1.023432 1.841174 0 6.421312 6.92781 7.749401 4.947719 1.803085 -9999 -9999 -9999 -9999 -9999 -9999 -9999 -9999 -9999 -9999 -9999 1.723818 0 1.076574 0 0 0.8897052 1.627018 3.142522 6.299726 5.343329 3.734703 3.148181 3.94288 3.942319 5.341485 4.276664 2.78972 0 0 2.187021 3.684253 0 0 2.323934 2.653291 2.720481 2.239536 4.291259
4.524421 4.171094 3.914658 10.23312 3.351937 3.755491 3.96174 3.502927 2.743993 2.21139 0 0 0 0 2.757902 3.255316 3.149087 2.996634 2.726275 2.251816 8.607641 7.929675 6.23883 1.639725 3.646484 4.337634 4.552837 4.48234 4.470126 5.458523 3.395868 -9999 -9999 -9999 -9999 -9999 -9999 -9999 -9999 -9999 2.62937 1.768381 1.262902 0 0 0.8315479 0.999651 1.144786 2.428287 5.754544 2.089564 6.334805 4.251672 3.406188 4.614587 4.846006 5.678272 3.346604 4.23949 0 0 2.336512 0 2.841204 3.589564 4.059526 4.130692 3.583329 3.282493 7.459088
2.847895 3.506898 3.504804 7.397206 8.039782 3.727644 3.474404 3.497715 2.483111 0 0 0 1.651569 2.496373 3.376452 3.46932 3.123405 2.895256 2.688509 9.840048 4.563882 2.864983 2.783164 3.159987 5.626222 5.248147 4.534606 4.245088 4.152332 3.576196 2.884253 -9999 -9999 -9999 -9999 -9999 -9999 -9999 -9999 1.431098 1.115807 1.625184 0.7423212 0 0 1.162628 1.338148 1.4503 4.050118 4.417739 2.145348 6.888298 4.560656 3.825827 5.834469 5.903549 4.781772 3.755188 0 2.366679 0 0 2.841805 3.619009 4.149551 4.745499 4.769473 3.631612 10.04799 3.905552
2.675556 3.415673 3.613305 7.53333 7.65 3.804802 3.7085 2.749143 2.291288 0 0 1.300968 2.989077 4.737075 4.745092 4.313532 3.656372 3.195151 12.17396 6.330083 2.418641 2.598281 3.09129 3.172742 5.409028 4.682737 3.633472 3.229352 3.251017 3.007158 1.166532 1.788032 -9999 -9999 -9999 -9999 -9999 -9999 -9999 0.8867334 0.8753685 0.6777689 0.7646265 0 0 1.220089 2.038052 3.950986 2.804306 4.956106 1.617174 6.699945 4.72927 4.252872 6.99236 4.802514 3.877485 3.60345 0 0 0 2.854489 3.821709 4.097673 4.483206 5.049329 4.66249 4.348414 12.58735 4.195371
2.753809 3.607437 4.013718 8.560617 8.259077 4.099352 4.076702 2.937229 0 0 0 1.922519 2.902329 3.240234 3.067903 2.810892 11.71432 11.3476 5.205192 7.054994 3.289234 3.031055 3.171106 2.941746 4.827839 3.90095 2.735583 2.320674 2.499697 2.626503 1.021719 2.093709 -9999 -9999 -9999 -9999 -9999 -9999 -9999 1.601164 1.058183 0.7175804 0 0.6703305 0 1.17247 1.585194 4.932093 3.292733 4.962087 0 5.900004 4.354871 4.054399 6.338888 3.785062 3.686589 0 0 0 2.790498 4.156302 4.672742 4.644428 4.705764 4.822803 3.639467 8.883228 4.04374 2.465672
3.087903 4.074303 4.613273 10.01771 9.733186 3.785636 4.200061 2.759245 0 0 2.005766 3.058718 3.282428 3.028876 6.203731 11.46903 4.81372 5.56683 3.65039 8.677944 4.079715 3.554829 3.671706 3.392101 5.785254 4.574662 2.906003 2.234051 2.393286 2.581593 0.8144088 2.308531 1.805334 -9999 -9999 -9999 -9999 -9999 -9999 1.004797 2.352739 1.187713 0 0.839652 0 1.362296 5.047274 3.069832 3.192885 3.07565 3.337942 4.956372 3.778825 3.443643 4.434573 3.589674 0 0 0 2.531035 4.319596 5.197683 5.389492 5.159809 4.604534 3.894477 7.702483 2.915527 3.597896 2.228864
3.284886 4.459635 9.701735 7.736605 9.958339 3.698586 2.806722 2.031796 0 0 2.378811 3.094079 2.833233 5.964523 11.29518 5.773745 6.086584 4.35773 4.556764 10.79733 4.534199 3.860141 4.372205 4.450159 8.480744 6.898849 4.273342 2.911028 2.651902 2.484973 0 2.367563 2.14626 -9999 -9999 -9999 -9999 -9999 -9999 2.641088 1.486275 3.203287 1.012271 0 0 3.463735 5.272179 3.810453 3.578451 3.223377 3.598768 5.583363 2.767315 3.732154 3.356849 3.126024 0 0 0 0 3.584415 4.429008 4.548969 4.278503 3.273013 8.630081 3.096944 4.563528 2.368832 1.970477
2.987563 6.776882 7.374883 7.978102 6.251457 8.15907 2.143154 0 0 0 2.260553 2.654116 6.418556 14.582 4.126812 7.662512 8.541097 5.358879 5.083236 12.27556 4.563783 3.818132 4.898221 5.391411 11.34996 9.787225 6.639195 4.794259 4.011639 3.223758 2.802188 2.750604 0 -9999 -9999 -9999 -9999 -9999 3.49425 3.96787 4.136199 1.303025 2.865819 0 2.208012 3.230211 4.299974 4.338583 4.037862 3.731708 4.567097 7.069296 3.492071 3.08609 3.085231 0 0 0 2.994372 5.594517 6.199568 5.820433 4.924837 3.964231 9.315024 2.597535 3.661726 4.550981 2.185006 0
4.608981 5.025908 3.158902 7.553108 5.845635 5.045583 3.49036 0 0 3.009511 6.058619 7.018582 16.74521 10.31657 5.508101 9.908126 10.35723 5.776683 5.118109 13.2549 4.18568 3.146827 4.786629 5.563792 12.95838 11.89594 8.643551 6.479858 5.550059 4.639517 4.055718 3.84613 0 -9999 -9999 -9999 -9999 2.078431 1.741179 4.687274 4.25123 3.589778 0 2.968215 2.550932 3.343755 4.381385 4.531543 4.419655 4.338927 5.718786 8.393024 4.118917 3.120855 0 0 0 0 4.632289 5.625626 5.635677 4.732157 3.433021 6.679603 7.56783 3.175122 3.710726 2.525907 1.627351 0
3.338438 0 4.247609 4.656564 4.449898 3.666325 2.449213 0 1.683649 2.932511 4.065331 16.32557 8.463465 11.4603 5.383526 10.07618 10.27962 5.082799 4.152103 12.03104 2.842298 0 3.807912 4.990238 13.2319 12.63095 9.317437 6.996191 6.327539 5.861103 5.324812 4.924885 0 6.560086 -9999 4.92232 7.000398 6.991359 1.9863 0 4.168612 3.721865 3.616731 3.748502 3.239509 4.103561 5.282897 5.47087 5.40886 5.242537 6.764035 8.861659 3.268257 2.912502 0 0 2.231368 3.361666 4.864185 5.30923 4.682122 3.276834 5.696208 6.450454 3.380439 2.680833 2.600318 0 0 0
3.269224 2.583284 0 3.485928 3.173865 2.66777 2.062623 1.9155 2.419762 2.903974 11.75607 6.047232 6.951951 9.25193 3.894435 7.919307 7.956866 3.3507 2.385429 8.886664 0 2.202941 3.666221 7.572766 9.96958 11.607 8.783746 7.000407 6.793811 6.577458 6.027153 5.541766 5.511121 6.073517 6.557545 6.717146 6.721629 5.870449 6.85506 0 4.326587 4.263279 4.365891 4.49906 3.61177 4.564183 5.996481 6.208931 6.093082 5.689815 7.130157 7.995484 2.841774 0 0 0 3.047729 6.272448 6.797172 6.05113 4.241944 5.048293 5.32421 3.264119 3.323579 0 0 0 1.920902 0
2.917191 0 3.449858 3.419217 2.958233 2.191345 1.656719 1.845041 2.123898 2.449159 9.053724 4.121353 4.501559 6.087811 2.257656 5.298842 5.314294 1.748308 0 6.496903 0 2.280987 5.62541 7.614274 2.834615 9.823591 7.657444 6.365561 6.3049 6.156018 5.87961 5.683878 5.752537 6.268413 6.677626 6.760043 6.716245 5.778999 5.028366 4.446361 4.26246 4.438046 4.734683 4.907328 3.631578 4.597618 6.083606 6.085957 5.69269 4.9377 6.019184 5.775363 0 0 0 2.559804 4.564736 5.626042 5.700421 4.448031 6.10103 4.976654 2.632804 3.299428 0 0 0 0 0 4.191579
0 2.841625 3.62579 3.682339 2.81099 1.965109 1.664492 1.361213 1.407831 5.153378 3.878365 2.797931 3.00508 4.117004 1.174425 3.516078 3.570621 0 1.32149 5.205564 1.441332 4.375441 6.030155 1.793497 6.792062 5.839907 6.55905 5.331416 5.3238 5.388199 5.388203 5.222327 5.035483 5.202821 5.360947 5.378541 5.451751 4.864871 4.478071 4.203174 4.228922 4.519161 5.00081 5.430986 3.707366 4.76165 6.120954 5.612919 4.793071 3.66148 4.323706 3.110471 0.949568 0 1.648883 3.853168 5.431901 5.993452 5.471726 8.02683 4.957573 3.49531 2.280939 0 0 0 0 2.533056 3.202322 3.356175
0 2.568202 3.674893 3.401099 2.700264 2.458972 1.61932 1.17155 3.621692 0 3.089043 2.392741 2.652057 3.657682 0 2.667005 2.715569 0 4.572331 0 4.041123 5.438311 0 6.261787 4.777118 2.904356 6.081167 4.762414 4.76013 4.803993 4.721406 4.39763 3.986933 3.938634 3.96806 4.00143 4.230859 4.020649 4.085219 4.28765 4.728869 5.33714 6.039189 6.447074 3.45504 4.729052 6.108325 5.113123 3.949656 2.546131 3.353935 2.19961 0 0 2.083782 3.99184 5.132613 5.323039 10.00904 6.396852 3.185691 3.159433 0 0 0 0 2.48216 2.928609 4.257392 5.908917
0 1.99259 2.577214 2.621181 3.529724 2.632578 1.764045 1.469055 3.803968 2.207032 2.400498 2.490884 2.729524 3.6578 0 2.318885 2.327868 2.713439 3.407071 3.869894 1.581032 5.521717 4.489537 4.790213 4.921522 2.718786 6.558288 4.876807 4.738496 4.700051 4.565295 4.214635 3.673259 3.490123 3.478864 3.603351 4.082273 4.183156 4.637402 5.185081 5.810076 6.484037 7.197708 7.29548 0 3.925961 5.673448 4.335096 2.908518 0 3.223707 2.364424 1.941192 2.707263 4.502911 6.028404 6.369763 9.780197 4.46148 6.932775 3.558597 1.879521 0 0 0 2.675888 2.774068 3.852087 5.614432 5.249589
