sti.asc
ncols         469
nrows         365
xllcorner     198538.8800233
yllcorner     438669.69527598
cellsize      10
NODATA_value  -9999
[rows 93 to 123 of 365, columns 140 to 209 of 469]
-9999 -9999 -9999 -9999 -9999 -9999 -9999 -9999 -9999 -9999 0.3077502 4.439501 1.632532 2.0145 1.701866 1.102932 1.301936 1.433314 1.440473 1.183021 0 0 2.036095 0 1.165045 2.480015 2.448169 1.810732 1.837796 0.9372824 0 1.387709 2.416026 3.933683 5.346431 8.112061 5.199695 10.16131 3.870543 2.206231 0 0 0 0 5.837289 0 7.060997 7.313384 8.200384 5.089226 3.783433 0 6.418305 6.302603 4.402897 0 5.419989 12.247 27.29185 6.440752 7.667676 7.848113 6.963851 5.235343 3.186674 0 6.236245 3.95281 0 3.106502
-9999 -9999 -9999 -9999 -9999 -9999 -9999 -9999 4.819396 0.7352114 0.8626157 9.586134 2.154212 1.774532 0 0.8999746 1.224204 1.525382 1.741997 1.840295 1.21607 0 1.408137 1.017506 0 0.9898113 1.520628 2.910768 2.372884 2.161393 0.7578001 0 1.463946 3.528361 5.32287 3.436835 9.319476 5.070467 9.797415 3.676063 3.623385 3.243134 3.09465 2.527539 0 5.848489 6.326488 6.693645 5.921169 5.255609 3.955993 0 6.097289 5.815341 3.301337 0 4.037869 11.64453 26.87671 6.659962 7.929479 8.057455 7.130754 5.403789 3.309994 0 5.856818 2.942327 0 4.232924
-9999 -9999 -9999 -9999 -9999 -9999 1.233811 0.7590865 5.931673 0.7464196 1.18201 1.255836 13.10209 1.266917 0.7872571 0.7000606 1.153738 1.516349 1.85177 2.403306 2.133265 1.229036 0 0.6191739 0 0.52228 1.542652 1.501938 2.720911 2.21284 2.123725 0 1.178107 3.799383 6.010408 2.116826 3.450372 8.919086 4.769417 9.952053 3.545027 3.421461 3.702867 3.697257 2.886701 0 6.135396 6.200473 6.279819 5.162546 3.99842 0 5.509246 5.159765 0 3.370573 4.140372 11.30865 27.75458 7.395119 8.102442 8.146823 7.176265 5.478454 3.395869 0 5.294309 0 3.014646 4.19815
-9999 -9999 -9999 -9999 1.774455 2.308555 1.513145 0 4.309266 0 0.7421259 1.119169 0.8331981 6.432033 0.3205222 0.5919836 1.179018 1.409373 1.630722 2.405649 2.355258 1.419953 0 0 0 0 0.6519061 1.654711 1.437943 2.51593 2.444461 2.853769 0 4.01854 5.331657 4.145117 0 3.04667 9.457021 5.205338 10.13966 9.66112 4.009346 4.561724 4.268433 3.272301 0 6.168204 5.932727 5.729847 3.829843 0 4.468934 4.206413 0 3.411524 4.931968 10.49753 27.9173 7.521328 8.74011 8.130845 7.160889 5.508442 3.426459 0 4.43998 0 2.776594 4.006833
-9999 -9999 5.203259 4.453472 0 2.270278 0 2.337092 6.235992 0 0 1.151307 1.09964 1.393734 5.529545 6.250259 11.34109 12.59759 12.63055 1.819873 1.592699 0 1.242978 0 0 0.5055134 0 0 1.755232 1.157911 2.708234 2.855582 3.509823 4.199782 4.836221 2.126258 3.580335 0 2.139146 10.54058 5.63549 5.427619 11.87986 5.239572 5.368439 4.728402 3.559087 0 6.056956 5.575533 4.764566 0 3.02376 2.915452 0 4.575022 6.13061 9.460456 27.04118 7.488006 8.709582 8.839572 7.131264 5.498936 3.395635 0 3.782708 0 2.611431 3.817106
0 3.925141 7.14151 4.44067 0 0 2.216169 3.105275 3.555449 6.757251 1.165761 0 0 3.02803 1.690122 14.53032 1.58218 1.318571 1.834834 16.54125 2.052013 1.729079 1.327595 1.117558 0.9845529 0 1.626824 1.52464 1.285846 1.770639 0 3.529209 3.758781 4.431988 4.695072 4.614616 0 3.473083 0 3.607636 11.1456 6.481799 7.115086 15.63153 15.98741 14.46789 4.849838 3.643348 0 5.609684 4.540871 2.967563 0 0 3.012112 6.166761 4.393129 9.71205 28.1837 7.682617 8.78845 8.808667 7.933532 5.447923 3.39783 0 3.72042 0 2.720236 3.862494
4.090426 3.403221 0 7.216545 3.142634 0 2.311154 4.063137 4.147048 7.389093 1.310296 0 1.540769 2.789052 2.169131 2.876511 17.99261 1.497694 1.137917 1.872021 9.31776 7.25904 2.020522 1.562669 0.8718138 2.837792 1.952407 1.40837 0 0 1.536481 2.2585 3.058553 4.096542 4.49592 4.376142 4.556162 2.385851 0 3.200516 7.018353 11.60289 8.225074 9.099329 9.434054 8.946432 13.40023 11.51223 7.20276 6.52636 4.604752 2.916689 0 0 4.715728 3.603099 4.423394 9.491337 28.4304 7.708476 8.808499 8.768224 7.869772 6.416135 3.513589 0 3.559333 0 3.038689 4.163451
4.945542 3.654519 0 6.414024 2.282378 0 3.316964 4.205108 3.319491 6.779907 0 0 0 1.852785 0 3.098341 21.82647 6.591382 1.335189 0 1.411619 3.800294 13.91899 9.495927 8.106372 2.656342 2.96754 2.458514 2.076456 1.580263 0 0 1.744488 2.603308 3.553002 3.932514 4.301897 4.604386 0 2.518757 7.394682 10.80179 9.669214 9.959709 9.914176 9.175893 8.480517 8.245927 9.814865 6.790251 5.719762 3.215404 0 3.634852 0 3.831913 4.532438 8.722156 26.77495 7.491878 8.719404 8.67802 7.782228 6.403046 4.691821 0 2.642913 0 3.164757 4.367236
7.431374 3.14473 0 4.57059 0 2.179274 3.52085 4.291286 3.389174 5.535182 1.749218 2.15965 1.478488 0 0 2.017085 24.42059 6.938403 1.495593 0 2.172018 7.248688 0 1.416652 3.489549 16.34966 3.009148 2.923441 2.968258 2.803869 2.298514 1.606702 0 0 1.869895 3.059093 3.857041 4.177184 4.417385 0 7.998133 7.931471 10.63109 11.02566 10.37957 9.560494 8.795341 8.392626 8.023638 6.873425 5.985375 4.690297 0 2.944514 0 4.11681 4.864479 8.618336 26.40808 7.336278 8.554025 8.520778 7.609602 6.203082 4.465007 2.637141 0 0 2.935656 4.246334
6.074386 4.343242 0 2.807935 0 2.118454 3.708567 4.576616 4.278235 3.718898 9.954917 3.170595 1.582569 0 0 1.57855 22.18534 6.736898 1.656968 0 2.241264 7.87361 2.77505 0 4.163619 2.82163 15.93448 15.88378 3.174523 3.690372 3.469411 2.868007 2.567528 1.941767 0 0 2.855207 3.638821 3.973128 4.421701 5.649402 6.903917 8.550734 11.14371 10.75999 9.535052 8.752176 8.174819 7.662799 7.270853 6.012396 4.854251 2.973984 0 0 4.187286 5.134121 8.810604 27.30902 6.219176 8.301779 8.351593 7.459467 6.003649 4.2254 2.36448 0 0 2.552819 3.896926
0 3.200679 2.223779 2.156381 0 2.094534 3.802281 5.40911 3.944746 4.745454 10.25773 2.964468 1.358843 0 0 0.8557499 16.19392 4.798161 5.117797 0 1.570173 7.008182 0 1.653137 4.980976 2.721658 2.866965 5.320523 20.56516 25.50007 4.098662 3.623164 3.595919 3.231653 2.578372 2.107962 0 2.356785 3.283153 3.58239 4.073939 5.322955 6.367755 7.764815 9.811625 9.087512 8.046023 7.47076 6.983305 6.790655 6.522968 4.799592 2.905873 0 0 4.095999 5.243661 8.457895 28.13818 4.892129 6.86209 8.195387 7.309032 5.791358 3.99068 2.163763 0 0 2.157842 3.483585
2.872476 2.6827 2.146003 2.370425 0 2.168494 4.57396 4.292017 4.815637 4.513318 8.945556 2.544161 1.541843 0 0 0.7876428 12.78783 2.320401 5.136219 4.552896 0 4.014369 5.284341 0 4.958997 2.359842 3.394514 3.892891 7.32688 6.041842 27.6437 25.07453 3.753324 3.602258 3.101812 2.969121 2.528536 0 0 2.553551 2.770448 2.981554 4.124365 5.000228 6.113197 7.872272 7.42161 6.694303 6.391101 6.324034 6.162593 5.398769 2.863321 0 0 3.807682 5.200527 7.360538 27.41776 3.928323 4.998654 6.469579 7.066705 5.521297 3.756244 2.059911 0 0 1.888789 3.138515
1.966689 2.348227 2.12761 2.642479 0 3.059022 3.028557 5.292999 5.324567 4.41896 8.334539 2.070631 1.15425 0.6993288 0 0.9332222 13.74733 1.110842 1.657895 3.748024 3.263075 3.463259 3.784764 4.09497 4.492104 0 2.586272 3.659027 4.246901 7.286623 6.314982 5.179574 26.13211 15.75381 12.46978 3.791655 4.118247 3.66317 2.648491 0 0 0 0 2.825002 3.781015 4.954607 6.844805 6.710696 6.158881 6.040161 5.799906 5.032417 3.688698 0 0 3.414844 3.85886 6.120533 7.105435 27.01147 3.491151 3.937529 5.123221 5.293836 3.627258 2.062968 0 0 1.712626 3.89752
1.039289 1.802768 1.692997 2.484862 2.02069 0 4.014332 5.362206 5.02298 3.707831 7.186273 0 1.029613 0.9844021 0 0.8605558 3.066917 11.30455 0 1.015869 3.466792 3.638111 3.948562 4.250134 4.360588 4.587591 0 2.383812 3.414615 4.0901 6.013958 6.198812 5.406717 24.25326 9.854238 12.25135 5.433601 5.866629 5.411918 4.712482 4.016871 3.395093 2.672831 0 0 2.775406 4.290589 6.592205 6.455 5.926903 5.553914 4.76646 3.742716 2.170985 0 0 3.735284 4.436325 7.054891 23.92866 4.95484 0 0 3.267807 3.473214 1.983051 0 0 2.450218 2.186942
0 1.031395 0 1.381702 0 2.092009 3.805682 4.470037 5.126543 3.738215 2.73615 3.80234 1.258789 1.218931 0.9049339 0 1.645257 2.080775 11.62969 3.604956 0 4.50217 4.537967 4.529292 4.443429 4.278003 4.165998 0 2.28265 3.334927 4.061786 4.456574 6.389709 5.530341 23.85067 9.612594 13.32331 6.177635 6.27702 5.936781 5.161771 4.463535 4.209579 3.804106 2.921371 0 0 3.772932 6.379651 6.185975 5.241863 4.517506 3.732829 2.368327 0 0 3.487718 4.606426 6.769989 20.68599 5.962442 4.453786 3.494628 0 0 1.966159 0 1.649428 0 2.266834
0.8447519 0 0 0 0 1.468536 2.476373 4.147301 4.289979 4.295949 3.667863 6.155741 1.594417 1.345909 0.8961834 0 1.618496 2.376176 11.87277 1.410044 4.643706 5.04852 4.930107 4.662924 4.412373 4.374945 4.268141 4.200535 0 2.493924 3.5418 4.325275 4.842015 5.149222 5.746898 26.17333 11.13719 14.09962 6.550924 6.743074 6.148072 5.41638 5.356848 5.299999 4.781799 3.911263 2.873539 0 2.976716 6.189044 5.565079 4.333854 3.583904 2.310348 0 0 2.928752 5.725439 4.965824 16.32577 4.463822 6.09341 6.337248 5.485607 4.187855 2.915703 0 1.46077 0 4.162061
0 0 0 0 0 0 1.893031 2.693129 3.92199 3.667367 3.227911 6.138662 7.224301 1.448428 1.060045 0 1.843182 2.748025 11.78436 4.308842 1.517887 0 5.002818 4.513184 4.168739 4.513414 4.848263 4.675539 4.647116 0 2.839871 3.994637 4.871744 5.520827 6.676349 6.820823 29.44182 12.15252 13.77528 6.68182 6.578901 6.170906 6.171829 6.104024 5.543904 4.643625 3.802458 2.975227 0 0 5.522832 4.719045 3.384589 2.164195 0 0 3.652632 3.02728 3.679565 5.381578 15.36511 5.245999 6.185443 5.830328 4.755898 3.375212 1.930861 0 2.977601 0
2.125564 2.084151 1.699788 0 0 0 0 2.107083 2.680301 3.411326 7.944497 5.133438 4.770885 8.404558 1.380561 0 2.012226 3.308925 2.985558 14.85451 7.194715 6.580537 5.609313 4.214365 4.32208 4.911279 5.529317 5.572833 5.093081 4.920788 0 3.282346 4.526182 5.453899 7.034713 7.476792 7.463764 29.87922 12.16893 13.12369 8.539025 8.899359 9.119224 9.032489 8.36495 7.331065 6.93676 7.403228 7.611769 7.018506 5.932708 4.526947 3.695556 2.090677 0 1.9894 0 2.974133 5.840449 5.44491 14.60964 5.496478 6.437762 6.784317 6.017755 4.513228 2.18434 0 2.73017 4.323708
3.496633 3.621501 2.465312 1.575674 0 0 0 0 2.310554 2.355146 7.409794 5.48062 5.450114 5.283475 8.01249 0 2.068466 3.845879 3.738712 19.0882 4.320694 7.474921 5.313485 5.019101 5.038309 5.956077 6.385062 6.596262 6.183675 5.400002 5.117503 0 3.565986 4.804169 6.799558 7.507286 7.894176 7.732592 29.41359 12.52371 12.38581 7.280248 7.221062 6.6911 5.812689 4.881152 4.705513 5.048133 4.736293 3.416954 0 4.882224 3.643258 2.923782 0 1.827936 0 5.212535 3.269269 5.511207 5.644258 18.12055 4.616103 4.836346 3.704827 0 3.086037 0 1.893648 3.49791
4.505149 4.077613 3.954321 2.188377 0 0 0.8511276 0 0 1.960697 6.011055 4.682237 4.821459 4.870523 5.248734 6.080326 1.869393 3.935814 3.937569 20.64487 8.219191 5.337645 5.509427 5.36113 6.53179 6.949795 7.669796 7.663345 7.372784 6.463215 5.33446 4.610516 0 3.615677 6.202295 7.162632 7.885293 8.230694 7.783667 30.32714 13.86553 12.02058 9.486122 6.63757 5.84727 5.266683 5.716688 6.653304 6.710902 5.632266 4.060568 2.610077 4.192392 3.114314 2.153756 0 3.444854 0 3.300669 4.273707 7.098134 19.00101 6.998502 5.47416 4.89698 3.260155 0 1.833617 0 2.430176
4.322421 4.788181 4.19838 2.654224 0 0.5872856 0.4547538 0 0 1.514311 4.688777 3.938121 4.27087 4.519959 5.083553 6.15504 1.464161 3.838134 3.905863 22.10289 7.701777 5.168481 5.83192 5.971636 6.702642 8.495465 8.494979 8.873618 8.224735 7.204454 5.986464 4.542247 3.512741 0 5.449153 6.644618 7.61212 8.2906 8.200867 8.195293 29.41704 13.29113 7.129367 5.36973 4.983093 4.865597 5.59151 6.450375 6.287369 5.028302 3.218696 0 0 3.804256 2.301795 0 2.652998 0 3.074973 4.172557 6.195531 18.20241 6.228126 6.412514 6.729894 5.816939 4.272341 2.712002 0 1.585742
-9999 7.300178 6.576022 4.914701 1.937912 0 1.353102 0 0 1.811326 3.268527 3.41639 3.995288 4.407767 5.015073 5.94252 0 3.548839 3.839731 24.38869 7.600616 5.215889 6.207043 6.685099 7.11309 8.069698 9.660188 9.118378 9.103258 7.73078 6.565725 5.372061 3.502957 0 4.518981 6.013532 7.19288 8.063231 8.126764 8.219177 24.95254 12.71702 10.04961 5.610472 5.914309 6.531181 7.899717 9.323674 9.59873 8.534801 6.751688 5.217475 4.448619 4.14824 3.431026 0 2.027596 0 2.865323 4.019657 4.722337 8.421354 16.22177 7.110514 5.082348 4.47548 3.043391 0 1.647704 0
-9999 4.696403 4.780092 4.398307 2.834594 0 0.8755269 0 1.048224 1.647429 2.44189 3.520807 4.315132 4.761919 5.259851 4.827711 3.426826 3.227651 3.540445 24.19477 5.222427 7.59795 6.540551 7.085894 7.1354 7.370556 7.887279 9.436717 8.864555 8.552096 7.230851 6.192288 4.643937 0 3.333768 5.265161 6.638769 7.632215 7.75634 7.974687 5.372397 17.43186 10.54264 10.11225 10.13045 6.145264 7.179593 8.042744 7.976563 6.811923 5.062695 3.619165 2.701303 0 3.747827 2.347656 0 0 2.69014 4.712976 3.829759 9.291039 16.14912 6.417562 6.559955 6.965533 6.252057 4.686519 1.84045 0
4.585764 4.807423 4.929103 4.87899 3.956547 2.089844 1.031275 0 1.695769 2.412808 3.415029 4.521644 4.844368 5.061753 5.816617 5.508379 3.822593 3.444344 3.437769 23.1902 4.863604 4.4479 7.778137 6.678201 6.401422 6.447337 6.661113 7.379758 9.211463 8.51095 8.20552 6.802757 5.415153 3.341302 0 4.269448 5.749456 6.832062 7.118089 7.644762 5.413333 4.509416 18.93008 13.90678 6.997179 10.96468 8.509597 9.618784 9.827854 8.784434 6.997759 5.67551 5.436316 5.43602 4.686885 2.43575 0 0 3.241961 2.933745 3.932061 9.657749 5.11911 18.31626 7.665385 4.432955 3.411559 0 2.091945 0
5.203003 5.572944 5.624953 5.626534 5.144301 3.668355 2.418656 0 1.913438 3.019587 4.472878 5.666603 5.575585 5.767917 7.115321 7.295379 5.123628 4.304741 3.750702 24.84669 3.506947 4.048402 4.744389 7.320649 5.492263 5.669376 6.056611 6.509975 7.410252 9.195821 8.098633 7.568003 5.833396 4.164778 0 2.968539 4.707659 5.943919 6.490386 7.490559 5.578174 5.24694 22.13882 5.910335 15.07755 7.548677 10.29521 9.456221 9.786308 8.983938 7.507896 6.44269 6.33274 6.362239 5.552921 3.304565 0 1.586866 0 2.695876 4.558336 9.424825 5.358794 17.70114 8.557962 7.161244 5.764711 4.705803 2.954272 0
9.323589 7.106781 7.367126 7.576532 7.563508 6.533907 3.8954 2.979131 0 2.75265 4.606101 6.160774 6.338584 6.879484 8.773848 9.227099 6.437551 5.210294 4.096255 25.0955 4.926191 3.306266 3.79614 3.938514 6.43684 5.215691 5.634535 6.058189 6.435232 7.086687 8.658163 7.406451 6.678029 4.635513 2.76892 0 3.813044 5.350534 6.159044 7.649127 5.694196 5.674662 5.185931 22.12332 5.474889 15.32993 8.027004 7.283032 7.467421 6.889183 5.865598 4.98953 4.381031 3.447051 0 3.812896 1.562401 0 0 3.183252 2.871475 9.466723 5.777963 18.34865 5.199817 8.522748 3.992903 3.019231 0 1.688241
4.01804 8.555254 6.808484 7.127437 7.198199 6.5027 4.807966 4.195818 2.732956 0 3.932889 5.883395 6.372276 7.16597 9.288625 9.739174 6.591801 5.258394 4.014173 23.34265 2.756344 4.672422 2.856698 3.128655 3.389953 6.777302 5.256868 5.563851 5.86347 6.007498 6.545175 8.116389 6.568208 5.55422 3.562697 0 2.868081 4.832771 5.894187 7.859686 5.64752 5.959761 5.631866 22.98886 5.557611 5.321064 16.56804 8.307511 8.871398 8.791635 8.310161 7.885988 7.609871 7.14622 6.018323 4.199681 2.027569 0 1.407205 0 4.031602 8.276174 5.771994 5.879848 17.12532 4.815979 8.582889 5.279094 4.220103 2.727705
1.967685 4.12824 7.211215 7.834044 7.935613 7.270254 6.046381 4.309443 3.494544 0 2.716459 4.960244 5.594239 6.486924 8.598465 8.979486 5.827452 4.577032 3.627168 7.649154 20.82132 2.701881 4.836957 2.318016 2.633192 2.919893 7.138582 5.036176 5.291816 5.430248 5.361013 5.791562 7.227368 5.554613 4.819659 2.814419 0 4.108127 5.326744 7.665037 5.094605 5.735188 5.683582 8.390265 20.92635 5.654609 5.614808 18.12998 19.3519 7.035179 6.719209 6.285969 5.661879 4.662492 3.095971 0 2.458582 1.20572 0 2.16663 3.835886 6.007211 5.147142 5.520078 4.782682 17.36087 5.328156 8.237547 6.069175 3.098616
3.586938 0 4.354179 4.238734 3.36171 0 6.530031 5.322886 3.408434 2.450193 0 3.761572 4.316352 5.155135 7.049829 7.409568 4.694943 3.748797 3.132142 8.722946 6.801127 21.74709 2.550257 5.336946 0 0 0 7.131797 4.548064 4.637458 4.50823 4.287797 4.807804 6.471105 5.069328 4.545122 0 2.98735 4.334446 6.928205 3.857204 4.992836 5.350043 8.931694 18.65491 14.42205 5.849033 5.797748 6.892808 19.64237 7.351743 7.064472 6.452672 5.392154 3.878889 2.243552 0 1.82822 0 1.497124 2.93219 4.933797 4.247629 4.97016 4.650593 13.84652 17.66444 5.735893 4.652866 3.04248
8.997613 4.317548 4.935425 4.977722 4.385235 3.207447 0 6.021334 4.727456 2.441092 0 2.870511 3.355223 4.169027 5.984122 6.44747 4.023435 3.157734 2.405889 8.835997 6.947584 21.15081 4.057152 2.299257 5.820515 3.858757 3.139858 0 7.069665 3.415266 3.244269 3.091542 3.018888 3.938693 6.120296 4.626216 3.813736 0 2.937363 5.710522 0 3.697912 4.679004 9.438619 9.223661 17.0619 14.71325 5.969719 5.894312 6.919453 19.68526 16.18978 15.83604 14.32755 11.76078 9.104135 6.018114 3.79355 1.469769 0 2.336336 4.318522 3.737177 4.970264 4.816584 12.35643 11.34956 18.14963 4.194902 2.658581
4.279661 12.68129 5.424065 5.490344 5.042542 4.240194 3.153303 0 5.469525 3.937317 0 2.270522 3.09209 4.235333 6.484903 6.999041 3.924466 2.522428 0 8.829671 7.325756 22.00431 7.770951 4.361643 0 4.400718 4.220466 3.458722 0 6.167226 0 0 0 0 3.007741 5.680709 3.726801 2.481123 0 4.119633 0 3.412481 6.033495 7.964226 9.212341 15.65725 6.840215 15.98436 6.260023 5.844716 6.813977 14.22182 12.6522 9.515224 6.624675 4.062032 5.378241 4.217622 3.904025 0 1.916021 4.357442 3.527613 5.179667 4.85858 10.95873 8.148227 9.88061 12.88107 2.214922
