twi.asc
ncols         469
nrows         365
xllcorner     198538.8800233
yllcorner     438669.69527598
cellsize      10
NODATA_value  -9999
[rows 186 to 216 of 365, columns 136 to 203 of 469]
3.899694 3.939336 3.787449 5.720874 5.971148 5.725134 3.288452 3.04804 3.000674 2.451907 2.227546 1.909539 2.091725 4.040021 2.099275 2.287623 2.446149 4.253299 3.745869 2.843552 2.649746 2.486763 3.840491 3.020196 3.048762 2.98359 4.423176 2.427135 2.168563 1.813212 1.353882 0.6445572 2.0848 2.366947 0.765721 2.583065 1.966831 1.741981 1.479826 1.442626 1.639036 1.754419 1.872078 2.027889 2.269744 2.628231 2.96966 3.094243 3.182706 5.200212 5.425638 2.519043 2.619454 3.526763 3.501412 3.480281 3.508024 3.59314 3.693018 3.790333 3.888514 3.983341 4.079703 4.156739 4.187953 4.231541 4.318572 4.399314
4.208596 4.869448 5.932191 6.241009 3.764816 3.422556 2.944825 2.39998 1.917057 2.212178 1.840757 2.159993 2.487227 3.795592 2.254825 2.415551 2.588288 4.285095 4.20164 2.910521 2.70453 3.901883 3.11342 3.120381 3.046573 4.627569 3.063435 2.146199 1.839772 1.423899 0.7441223 2.360055 2.57174 1.511293 2.80699 2.301493 2.064549 2.244789 1.778637 1.593707 1.674398 1.784853 1.907153 2.069073 2.3322 2.754574 3.165066 4.704143 4.962048 2.561961 2.098928 2.373454 2.980083 2.766731 3.333239 3.346065 3.388469 3.473099 3.5674 3.6608 4.698652 4.994431 5.071223 5.135523 5.155067 5.13464 5.089152 5.067195
5.166928 7.16118 6.328884 3.523129 2.778652 1.955835 1.576253 1.766991 1.456776 1.999093 2.234413 2.429113 1.312014 3.701288 2.314412 2.497272 2.704546 4.975679 3.134669 2.947258 4.015613 3.244049 5.057558 4.881631 4.70602 1.858843 1.441235 0.7227926 0.7042718 0.7316248 2.575032 2.740636 1.913011 2.937455 2.506185 2.289515 2.691449 1.813354 2.134801 1.61732 1.702064 1.856459 1.99383 2.156027 2.41856 4.023092 4.456165 3.770495 2.23885 1.495377 1.922159 2.775449 2.576043 2.346881 2.322519 2.483494 2.639518 3.707522 3.940172 4.141382 3.339884 0.8161112 1.563294 2.029485 2.337139 2.487263 2.548593 2.636413
7.019314 3.546489 3.038519 1.958512 1.88736 1.491294 1.668077 1.391678 2.121873 2.650821 1.79572 1.980075 2.105332 1.56079 3.782408 2.673491 2.890334 5.16462 3.139189 4.123276 5.335924 5.156353 2.148705 1.861111 1.464625 0.7720342 0.760075 1.424448 1.398687 2.677484 2.856972 2.195955 3.056732 2.68247 2.477482 3.015268 1.489308 1.023992 1.955422 1.500157 2.162113 2.291922 2.375283 3.160443 3.446984 2.368446 3.484644 1.802045 0.6311808 1.312149 2.453821 2.306684 2.077141 2.051022 2.03146 2.724209 3.157999 2.09233 2.098435 3.200415 3.44859 3.551253 4.081136 4.170026 4.220597 4.173099 4.087255 4.055532
3.198995 2.779641 1.901111 1.857756 1.526451 1.665632 1.354345 2.269091 2.528667 1.648216 1.885062 1.619795 1.896313 2.168146 3.95544 2.928405 5.330744 3.301145 4.217062 5.508137 3.353254 3.258142 3.171768 3.082387 2.988811 2.877528 2.589864 1.887563 2.838302 2.955669 2.38977 3.123779 2.824194 2.667415 3.131738 1.468123 0.7542432 1.636866 1.50875 1.457893 1.92557 2.26181 2.797504 1.926913 2.072221 3.00622 1.655223 1.215509 0.5013676 2.116457 1.92993 1.687312 1.717805 1.719952 1.703795 1.707032 1.744042 1.787637 3.100495 3.332266 2.306711 2.925395 2.15572 2.409604 2.588402 2.681955 2.732995 2.800858
2.265568 1.850523 1.432112 1.565018 1.821899 1.457718 2.016393 1.857281 1.33787 1.703071 1.50815 1.813679 1.802625 2.867008 4.082348 3.169863 5.530652 4.319432 5.619609 2.869851 2.714092 2.562017 2.391026 2.178324 1.911005 1.53308 0.8541983 3.052551 3.130082 2.604011 3.214818 2.909345 2.792323 3.226236 1.902933 0.7798607 1.868438 1.570954 1.136828 1.344985 1.580441 2.381782 1.990667 2.061663 2.136449 2.428844 1.285483 0.5821537 1.950915 1.634617 1.213379 1.238651 1.287753 1.319245 1.310334 1.30509 1.327037 2.967513 3.246426 2.063808 1.774553 1.790628 0.7169116 1.422435 1.81773 2.072116 2.250936 2.401282
1.761735 1.374875 1.519405 1.166217 1.766331 2.013546 1.533412 1.118184 1.55848 1.408074 1.750934 1.757407 2.666736 3.046683 4.1989 5.686896 4.462081 5.69633 0.8002728 2.694278 2.543209 2.373917 2.167991 1.900425 1.531507 0.8888775 3.217034 3.315825 2.850499 3.370976 3.057734 2.910575 3.301765 2.188993 1.49375 2.196356 1.889234 1.477028 0.8837243 1.854344 1.873789 3.203439 2.224381 2.193575 1.600837 1.937328 0.8435483 1.926958 1.440403 0.6427383 0.5657386 0.563602 0.6088078 0.660237 0.6752223 0.6722234 2.865097 3.147661 1.760757 1.363439 1.371396 1.367775 2.056884 2.277583 2.453173 2.59358 2.708364 2.810807
1.263331 0.7221111 1.02659 1.599872 2.230677 1.583899 1.12678 1.538688 1.388341 1.728556 1.733626 2.653205 2.906117 3.298937 4.375064 6.011102 5.847102 1.595748 3.337582 2.333866 2.121817 1.856672 1.476875 0.8150423 0.8613433 3.318971 3.445083 3.050524 3.527556 3.240183 3.089087 3.405576 2.424744 1.907539 2.423271 2.214073 1.896855 1.469194 1.957228 1.801865 2.150872 1.675473 1.597314 2.003184 1.225797 1.917806 1.89627 1.047076 0.8479592 1.389347 1.706956 1.988285 2.251694 2.497508 2.711577 2.874846 3.158505 1.39105 0.6589912 0.6642405 0.6858651 0.6817787 0.6671785 1.351302 1.751199 2.033343 2.249731 2.425707
1.666504 1.524181 1.241421 1.601637 1.481257 1.862025 1.612698 1.430011 1.755152 1.750634 2.646481 2.886182 3.159585 3.56809 6.306321 5.991714 2.155938 3.838243 2.379335 2.101363 1.822722 1.449593 0.7922437 1.527285 3.370235 3.508215 3.180543 3.633941 3.386473 3.267018 3.558114 2.657214 2.220554 2.629341 2.457664 2.230598 1.928383 2.239873 2.040411 2.136203 2.128634 1.86387 1.891317 2.074856 1.796745 1.606723 1.351806 1.737986 1.91568 2.072444 2.233824 2.41575 2.607477 2.814862 3.053349 3.26308 0.9033782 0.7736872 1.390877 1.782258 2.084863 2.307521 2.478705 2.625138 2.754812 2.869958 2.971923 3.061934
1.28918 0.9180951 1.279016 2.029372 1.880964 1.003793 1.929926 1.8164 1.793031 2.118013 3.208287 3.13777 3.422087 3.824245 6.99846 2.625461 5.070678 4.462764 4.304528 4.204458 4.181585 4.195597 4.211952 4.162297 3.564213 3.27302 3.702552 3.486106 3.393183 3.681881 2.887519 2.509316 2.811751 2.667663 2.502417 2.276206 2.514493 2.340035 3.37406 2.843838 1.953514 1.756156 1.839199 2.828201 1.984562 1.555056 1.241009 0.9539363 1.451936 1.759555 2.008262 2.233471 2.448087 2.677983 2.978414 3.287691 3.345095 3.258364 3.236151 3.272139 3.337673 3.402972 3.462829 3.520772 3.576502 3.628499 3.676729 3.721975
0.6155034 1.632641 1.246346 2.381706 1.158512 2.068031 1.490199 2.111894 2.130844 2.188402 3.66977 3.356798 3.650357 7.054294 2.982634 5.37168 3.157269 2.914013 2.620143 2.342079 2.115366 1.87851 1.53817 0.9090703 3.359127 3.764197 3.569545 3.489283 3.76458 3.05355 2.748633 3.007948 2.827497 2.662531 2.496489 2.701123 2.539392 3.767725 2.48775 2.189495 1.951426 1.866551 1.705415 1.749041 2.17786 1.917794 1.703027 1.51223 0.6843266 0.6192393 0.59813 1.298692 1.73481 2.096533 2.504439 1.107621 1.086293 1.615071 1.892845 2.108493 2.305111 2.481319 2.63658 2.773067 2.891582 2.993378 3.084376 3.172204
1.742874 1.626732 1.189378 2.612529 1.104907 1.615555 2.160268 1.826447 2.373296 2.438258 3.973372 3.486466 6.954576 3.123077 5.698806 4.131771 4.019796 3.911779 3.71351 3.549039 3.474235 3.456456 3.454183 3.428796 4.418271 3.654933 3.587797 3.840438 3.180336 2.899915 3.136522 3.003093 2.818844 2.642914 2.819571 2.679466 3.988974 2.395325 2.128758 1.887566 1.684519 1.419278 1.483292 1.924362 1.029782 1.973479 1.868046 1.781534 1.720185 1.286162 1.28678 0.6176564 1.352528 1.836965 2.310797 3.40641 1.766068 0.9386196 0.8034687 1.407292 1.779493 2.064972 2.299133 2.494444 2.654553 2.78232 2.893307 3.006946
1.782671 1.609995 1.130492 2.775248 1.027316 1.542439 1.828967 2.306076 2.138714 2.649247 4.319069 3.718745 7.015767 5.693324 3.345578 3.144962 3.003723 2.807162 2.496436 2.199883 1.92234 1.569431 0.9263175 4.448555 0.9958922 3.686446 3.933607 3.308197 3.035245 3.194907 3.069124 2.968168 2.833986 2.969298 2.825572 4.241738 2.646453 2.405318 2.241308 2.219639 1.980541 1.942657 2.194127 2.191619 0.8407114 1.396809 2.023694 1.988206 1.97663 1.982922 1.726213 1.781885 2.130575 2.419477 2.744627 1.071376 3.401015 1.955172 1.413869 0.6389394 0.6168801 0.6303672 0.6609358 0.6934029 0.7138408 1.403701 1.802848 2.113221
1.799466 1.579489 1.046272 2.845366 0.9328274 1.484117 1.802763 2.072718 2.560919 3.333463 4.522597 7.150952 5.753215 4.047878 3.14391 2.97227 2.830304 2.587358 2.269307 1.962533 1.590868 0.9297808 4.466814 0.9399571 3.68915 3.987495 3.430312 3.1767 3.312275 3.141439 3.013788 2.94285 3.115148 3.002054 4.440471 2.281878 1.923913 1.577002 1.255507 0.9023781 1.681969 2.929489 1.546598 2.159171 2.185405 1.362897 1.709162 2.198131 2.20182 2.233169 2.300159 2.160772 0.8347489 0.8512864 0.9084838 2.895454 1.530624 3.169993 1.966571 1.631591 1.228327 1.264212 1.315464 1.355999 1.3751 0.6795656 0.6849646 0.7346311
1.830296 1.579125 1.013319 2.944313 0.8850486 1.467877 1.81964 2.117181 2.454903 3.969779 4.725293 7.368006 4.1252 3.157938 2.955929 2.793314 2.608567 2.322735 1.99913 1.620708 0.9532681 4.512583 1.641053 3.707925 3.95895 3.511581 3.323037 3.454491 3.311947 3.161423 3.031954 3.175855 3.134202 4.536092 2.685093 2.339988 2.021362 1.772024 1.626635 1.67049 2.147545 2.262402 1.96697 1.605721 2.140958 2.281426 1.735941 2.017494 2.431508 2.480057 2.566068 2.636588 2.464901 1.506329 1.494254 1.477235 2.745376 1.640863 3.048603 2.085127 1.890599 1.657369 1.711048 1.73499 1.736127 1.74049 1.371162 1.458147
1.860791 1.591034 1.020325 3.074574 0.8670899 1.456973 1.831588 2.158866 2.536439 4.398852 7.504175 4.269732 3.284029 1.697793 0.9708773 0.9633269 2.03475 1.590919 0.9255871 0.9701111 4.551394 2.059692 3.787121 3.988935 3.541505 3.461696 3.655212 3.549813 3.423938 3.280531 3.336435 3.234298 4.606637 3.561917 2.613242 2.256366 1.940817 1.713411 1.606839 1.722735 2.666087 1.741146 1.730333 1.860745 1.770325 2.261675 2.455891 2.063313 2.307729 2.703449 2.76754 2.781572 2.729783 2.514729 1.785415 1.738073 1.642997 2.659811 1.831058 3.106648 2.307919 2.182279 1.998206 2.014117 2.018097 2.04227 2.11369 1.952006
1.840023 1.542053 0.934027 3.104661 0.8121796 1.442932 1.861386 2.237396 3.368473 4.613912 7.58581 3.509827 2.128639 0.9626905 1.634481 2.309978 0.8873964 0.8614017 1.600664 4.563008 2.328961 3.837214 4.0508 3.609751 3.509215 3.783737 3.780765 3.690806 3.555483 3.574492 3.428774 4.676379 3.703557 2.748568 2.404895 2.028724 1.680593 1.397182 1.184262 1.035428 2.556587 1.456333 1.961478 1.739839 1.971801 2.00594 2.477857 2.672277 2.368564 2.592771 2.896803 2.860759 2.780588 2.724139 2.541119 1.917633 1.849267 1.802224 2.730462 2.084555 3.246542 2.536586 2.411295 2.24856 2.261262 2.303651 2.414886 2.577929
1.790675 0.7544128 1.492948 3.090858 0.7587672 1.471046 1.965634 2.403607 3.985502 4.838994 7.652302 2.577224 1.697056 2.03472 2.520771 1.589441 1.565162 1.953418 4.526561 2.537877 3.87658 4.082798 3.683577 3.582464 3.816951 3.880516 3.884941 3.777879 3.774787 3.596175 4.76757 3.832105 2.965744 2.818445 2.513302 2.188547 1.893832 1.677323 1.578393 1.681193 1.846642 1.233737 0.7298741 1.927589 1.902191 2.195499 2.303439 2.711511 2.874125 2.592971 2.723938 2.92169 2.849671 2.796364 2.735586 2.550503 2.034174 2.011431 2.041333 2.894166 2.363636 3.396894 2.724562 2.609111 2.485343 2.568591 2.730121 2.89748
1.427408 0.725844 1.846407 3.161899 1.49681 0.9044662 2.147096 2.581282 4.384921 4.842038 7.564429 2.234406 2.353713 2.692212 1.972679 1.969748 2.258459 4.54448 2.703914 3.93719 4.127591 3.730477 4.788658 4.495521 3.908095 3.954787 3.910215 3.932117 3.757874 4.810076 3.893214 3.127193 2.992995 0.6550497 2.122876 1.759433 1.378726 0.987949 0.4817166 1.61444 1.371614 1.019741 1.321756 1.163667 2.091957 2.196979 2.505404 2.575517 2.872015 2.972245 2.682335 2.772424 2.943756 2.885361 2.815419 2.750901 2.618604 2.216621 2.266317 2.344557 3.112967 2.609325 3.504659 2.905928 2.868711 2.874012 3.055007 3.174622
0.9249249 1.509677 2.192572 3.330153 2.038909 1.785722 1.240308 2.672284 4.546733 4.695143 7.419277 2.67444 2.874309 2.260881 2.24133 2.461806 4.546332 2.826128 3.961095 4.161108 5.121344 4.81686 1.672945 1.100575 3.974387 3.997932 4.046936 3.880719 4.880322 3.939753 3.205047 3.12471 1.395824 2.367193 2.404314 2.138727 1.888934 1.695902 1.589978 1.53946 1.068086 0.8403013 1.26371 1.572226 2.32233 3.133145 2.541097 2.721404 2.706084 2.936004 3.014598 2.768723 2.840811 2.968277 2.893733 2.845247 2.844943 2.786179 2.500246 2.580464 2.635392 3.267226 2.796389 3.679766 3.223593 3.292334 3.333971 3.381792
1.808741 2.066634 2.570127 3.582384 2.512062 2.37383 1.394021 2.052247 4.743054 4.727238 7.382586 3.100963 2.508767 2.471608 2.651111 4.570567 2.929631 3.953922 4.153139 5.359031 3.86057 3.827035 3.853415 3.916926 3.982472 4.081728 3.951316 4.93015 4.035292 3.339377 3.252089 1.866691 2.597244 2.604149 1.803864 1.430461 0.9889359 0.3426255 1.599706 0.73232 1.508107 0.703363 1.269174 1.664117 0.6486528 1.413625 3.449722 2.650946 2.757537 2.764608 3.004005 3.094193 2.837999 2.859653 2.979541 2.965048 2.999256 3.062417 3.047096 2.788866 2.826066 2.842815 3.43817 3.09756 4.010897 3.64169 3.645734 3.503952
2.462506 2.55982 2.947017 3.843903 2.899342 2.795303 2.215457 1.490621 2.52429 5.571948 7.446423 2.798841 2.670013 2.79126 4.598254 3.067117 3.98697 4.133967 5.35079 2.248472 1.977709 1.669046 1.119954 3.957289 4.020715 3.907099 4.877808 4.067724 3.456878 3.400722 2.240823 2.852998 2.844226 2.991585 2.343736 2.130982 1.950285 1.79386 1.231665 0.664777 1.787665 0.660297 1.354549 1.833853 2.193908 2.39349 2.481994 3.371317 2.662227 2.829661 2.891451 3.108623 3.146345 2.888285 2.943154 3.121896 3.169257 3.231773 3.289903 3.251462 2.992372 3.022515 3.088211 3.738196 3.514785 4.346904 3.866354 3.701574
8.654026 2.927835 3.180996 3.961569 3.096847 3.003185 2.616279 1.514005 2.094306 5.724375 7.632583 3.004333 6.232239 6.151895 5.93369 5.881181 5.669653 5.368937 2.186519 1.91187 1.570329 1.053183 4.021138 4.017056 1.034965 3.823389 4.803659 4.494736 3.535299 2.55503 3.085887 3.112449 3.508659 1.907754 1.512754 1.080539 0.4261174 1.599668 1.283209 0.6528135 2.06055 1.398703 0.7940747 2.017734 2.334989 0.816728 1.306893 2.690617 3.345529 2.804326 3.001781 3.026706 3.160833 3.180369 3.000045 3.116655 3.321915 3.375793 3.418856 3.449707 3.407278 3.196029 3.299486 3.469361 4.108876 3.811885 4.431644 3.863976
8.71195 3.33762 3.407244 4.007429 3.138169 2.9638 2.571241 1.206049 1.947437 5.761791 7.760678 6.480422 3.104002 2.95823 2.87059 2.718679 2.471646 2.185376 1.878954 1.511599 0.9079424 3.930488 1.058389 3.926014 1.63452 3.829331 4.803457 4.863729 2.818101 4.840813 4.53587 4.09027 2.768728 2.487594 2.252408 2.088774 1.940846 1.701388 0.6151126 1.321572 2.262663 1.811017 1.51518 0.9498448 2.352671 2.385143 0.5213951 0.4019136 2.751646 3.466379 2.991829 3.108218 3.056736 3.193075 3.291227 3.182962 3.312758 3.498794 3.530869 3.560212 3.605671 3.612463 3.496075 3.659232 3.784113 4.228354 3.821475 4.355626
4.256022 8.854713 3.605147 3.997151 3.109195 2.884095 2.499555 1.61029 2.163547 5.597772 7.979749 3.114118 2.818738 2.692395 2.602147 2.358835 1.97429 1.510295 0.8138631 0.8604777 3.856573 0.9263659 1.600177 3.898303 2.015382 3.88729 5.559898 2.993816 5.046798 2.952658 2.736268 2.431135 2.069618 1.674539 1.238862 0.6089187 2.078007 1.365585 0.6064709 1.673445 2.366676 1.989233 1.759083 1.430587 0.7678051 2.245688 2.219716 1.033001 1.098787 2.948566 3.613588 3.08303 3.141964 3.163556 3.373957 3.484272 3.374957 3.477098 3.634967 3.665386 3.719323 3.813867 3.874935 3.78361 3.86147 3.841599 4.194777 3.825855
4.146542 5.109745 8.600186 4.114912 3.244502 3.023908 2.694981 2.033522 2.479847 8.02905 4.01352 2.864562 2.611971 2.523119 2.442568 2.141094 1.642305 0.8898053 1.571523 3.899786 1.587948 0.8591557 1.959231 3.939274 2.325895 5.766048 3.130156 5.218012 3.479652 3.419524 3.24328 2.988417 2.765792 2.594416 2.482335 2.393126 1.893971 0.6810919 1.260961 1.893875 2.43233 2.097401 1.891841 1.636787 0.5653679 1.20641 2.178189 2.280771 1.515717 1.666515 3.154042 3.679691 3.183722 3.331558 3.394459 3.557487 3.637134 3.515815 3.593027 3.74429 3.817274 3.943673 4.07209 4.100115 3.925331 3.896292 3.846568 4.206678
4.102054 4.309064 5.466733 8.570086 4.697181 3.551898 3.338001 2.835698 8.207027 4.721034 3.38544 3.016644 2.861962 2.870622 2.908052 2.769492 2.492346 2.117604 4.0075 2.025035 0.8544523 1.514825 2.239693 4.009628 5.797228 3.24231 5.299299 2.961379 2.8936 2.813373 2.532426 2.163457 1.822301 1.462369 0.8914576 2.337193 0.8292723 1.362214 1.651508 2.09444 2.536317 2.248857 2.084822 1.890378 1.226239 0.5149023 1.525864 2.337187 2.561169 2.009274 2.085389 3.284209 3.806713 3.403381 3.527945 3.532783 3.664958 3.720901 3.598103 3.712162 3.95172 4.106534 4.215789 4.236057 4.154119 3.920022 3.885954 3.910183
-9999 -9999 -9999 5.81433 8.959847 4.331305 4.325607 4.037688 8.755154 3.434914 2.903797 2.557812 2.386242 2.340856 2.283398 2.007846 1.309729 4.240396 2.378116 0.8763644 1.504491 2.760646 4.005726 5.76521 3.31116 5.377065 2.891877 2.750484 2.710321 2.624584 2.309969 1.905132 1.509334 0.9378788 2.645137 0.9355676 1.467271 1.757825 1.968083 2.323036 2.705811 2.457471 2.324192 2.171388 1.693002 0.595815 1.218949 1.876992 2.657509 2.889038 2.335778 2.344329 3.418541 3.932806 3.528819 3.617076 3.614167 3.730195 3.80644 3.786186 4.019686 4.292109 5.046456 5.404829 5.628802 4.15369 3.973641 4.040993
-9999 -9999 -9999 4.507587 9.080462 4.93012 1.915364 8.728374 1.79259 3.009658 2.48311 2.135146 1.91038 1.714222 1.247616 1.410251 4.501698 1.114661 2.525383 1.518431 1.919111 4.295274 5.747725 5.637811 5.444729 2.862267 2.679471 2.571939 2.529705 2.410531 2.052343 1.578982 0.9539588 2.828782 0.9538141 1.500765 1.809968 2.045281 2.235738 2.549218 2.893222 2.668611 2.544767 2.413273 2.049554 0.7051177 1.369779 1.739765 2.316118 2.964395 3.041692 2.50477 2.534436 3.507614 3.999813 3.620485 3.689001 3.684146 3.854609 4.056158 4.141863 4.342333 1.461113 1.371076 1.960763 5.571727 4.213006 4.163174
-9999 -9999 -9999 4.20468 4.75967 8.961782 2.247776 8.256246 3.33999 2.641577 2.186728 1.855689 1.583607 1.11814 1.932724 1.22493 4.267347 1.633047 2.653382 1.970027 4.474257 5.784704 5.70878 2.825335 2.563213 2.321628 2.106261 1.903404 1.637035 1.025252 0.9783676 0.9549235 2.927995 0.9089554 1.477983 1.803726 2.058659 2.272338 2.449739 2.72937 3.036912 2.826284 2.706676 2.59153 2.310258 1.487383 0.8444659 1.917656 2.217587 2.605133 3.024963 3.059671 2.627292 2.696457 3.601257 4.060136 3.672952 3.759905 3.859264 4.145686 4.393517 4.386525 4.387092 2.020908 1.203565 2.277583 5.638594 6.075668
-9999 -9999 -9999 4.009576 5.036184 9.072513 2.873361 8.417937 3.563614 2.291243 1.868474 1.491989 0.9895963 2.255049 1.082215 1.632568 4.070592 1.949749 2.872688 4.698942 5.914689 5.826242 2.700279 2.411972 2.118461 1.802462 1.437788 0.8415701 0.9384779 1.660363 1.601359 2.935342 0.8036532 1.414218 1.760814 2.029796 2.260428 2.45537 2.613653 2.856635 3.125601 2.921051 2.804455 2.708031 2.496624 1.947424 0.9922035 1.688015 2.316093 2.423977 2.623368 3.007607 3.124388 2.806631 2.890606 3.687802 4.102818 3.783424 3.963346 4.120376 4.372932 4.453228 4.285302 4.236109 2.240475 1.859737 2.730767 1.635353
