twi.asc
ncols         469
nrows         365
xllcorner     198538.8800233
yllcorner     438669.69527598
cellsize      10
NODATA_value  -9999
[rows 217 to 247 of 365, columns 68 to 135 of 469]
1.854381 3.020706 2.748104 2.925607 -9999 -9999 4.471078 4.166884 -9999 -9999 -9999 7.279052 7.192683 4.529034 3.235263 2.683454 2.180355 1.761445 1.244469 2.085489 3.093796 2.240778 3.938294 2.05528 1.99997 2.001906 2.717262 1.618278 1.580678 1.526433 3.194365 2.964278 0.7258363 0.6808345 0.6427273 0.6167348 0.6027409 0.6092058 0.6665623 1.485698 1.664579 1.778684 1.147309 2.063268 2.698363 3.072554 1.780933 1.009715 0.6756109 2.040142 2.398053 2.536563 3.206724 2.689679 1.113406 2.145987 1.601192 0.8058441 1.45544 1.833835 2.105394 2.330187 2.554355 2.82149 3.092463 3.205952 3.228307 3.377887
1.767343 2.202383 2.38171 2.528301 3.094603 5.641446 3.9908 3.458537 3.684205 3.963392 5.329375 8.457995 8.469177 3.964893 3.41435 2.888671 2.422685 2.08209 1.84927 1.305178 1.206018 1.768891 1.700521 3.795008 1.635281 1.639498 1.647716 2.554462 0.898764 0.8402846 0.8050997 3.095726 2.869231 2.708332 2.500253 2.271916 2.025462 1.747374 1.410894 0.8866767 1.196523 1.439421 1.494722 1.685446 1.874651 1.922844 2.047214 1.518569 1.276082 1.274628 2.346794 2.7242 3.710557 2.780103 0.9647555 1.611625 2.242798 1.919226 0.8025286 0.788582 1.477363 1.880591 2.197265 2.525251 2.81697 2.913206 2.936436 3.090144
1.810016 1.901033 2.050826 2.667989 2.750375 5.30289 3.562997 2.865418 3.057935 3.261647 3.915466 4.199212 4.923758 8.281237 3.809717 3.281727 2.857019 2.564018 2.437801 2.255661 1.802943 1.06104 1.027257 0.997872 3.775012 1.009711 0.9981722 0.9911535 2.335783 1.970349 1.517071 0.832588 3.072435 2.942144 2.720492 2.48734 2.269133 2.057243 1.847009 1.628299 1.284155 1.627005 1.85333 4.091227 1.790686 2.072413 1.710812 1.794009 1.644581 1.66018 1.799045 2.687624 2.930372 4.02997 1.571541 0.8444563 1.931745 2.450049 2.214689 1.510277 0.8282574 0.8340143 1.54449 2.01948 2.371789 2.524957 2.598444 2.779516
1.571466 1.606634 2.37603 2.393987 2.402862 5.015478 3.186871 2.33272 2.544034 2.75698 3.444427 3.667047 3.874176 3.609691 7.902933 5.625809 3.389413 3.091702 2.938678 2.794751 2.5931 2.422913 2.169946 1.735332 1.064743 3.796365 3.684509 3.607454 3.508779 3.312423 3.140576 3.062724 3.036015 2.905071 2.625355 2.334192 2.070436 1.805057 1.498399 1.003091 1.912259 1.991523 2.01917 1.571238 1.45143 1.101502 1.905335 1.715957 1.927876 1.953169 2.061589 2.221267 2.875367 2.983304 4.065112 0.8154245 1.503307 2.203018 2.599497 2.407987 1.906402 1.505222 0.8311605 0.875357 0.9035994 0.8462166 0.7666256 1.502278
1.192414 2.262935 2.255077 2.181835 3.784185 4.55189 2.936026 1.893183 2.156098 2.388343 3.118914 3.274223 3.362948 2.910769 3.394399 7.4906 5.349323 4.228712 4.079143 3.946441 3.855169 3.885597 3.906846 3.825454 3.794633 3.763011 3.625772 3.547359 3.471968 3.254814 3.05189 2.966853 2.939044 2.782717 2.463824 2.135153 1.820897 1.459362 0.8908997 2.167821 2.272394 2.26983 1.865608 1.290792 1.241692 1.63933 1.388959 1.964082 1.934488 2.183684 2.261972 2.386667 2.482441 2.957054 4.375955 1.516597 0.8005365 1.880509 2.366089 2.681473 2.515575 2.107498 1.852769 1.494256 1.523788 1.497414 1.462238 1.93878
2.412848 2.294953 2.164171 2.437354 3.70981 4.694108 2.93275 1.584793 1.943006 2.216121 3.031031 3.143543 3.139342 2.478775 2.367123 2.284223 7.402976 4.763874 4.181476 3.953914 3.804815 3.786085 3.784231 3.727699 3.707865 3.655386 3.517224 3.451143 3.38316 3.168523 2.958829 2.855292 2.775286 2.560899 2.225687 1.870925 1.465482 0.8295034 2.333692 2.45858 2.527452 2.250834 1.856662 1.244428 1.135982 1.552055 1.756806 1.670641 2.168372 2.194288 2.44084 2.543795 2.63502 2.673234 3.086131 4.478703 0.8262762 1.475766 2.124626 2.484135 2.728637 2.593449 2.301203 2.125266 1.878418 1.892536 1.918865 0.9334587
2.647548 2.259219 2.608325 2.439664 3.865888 5.13001 3.235783 1.359251 1.99229 2.317061 3.222785 3.275467 3.200242 2.334079 2.053308 1.763151 7.365334 3.605039 3.795916 3.372787 3.04325 2.852063 2.722238 2.585946 2.425207 2.133589 1.689099 1.027047 2.140294 1.656436 0.8934995 0.8959917 0.9182829 1.975816 1.506211 0.7867226 0.795983 2.452299 2.550806 2.660048 2.523484 2.291337 1.933683 1.315349 1.109716 1.518252 1.75557 1.967101 1.960804 2.398486 2.465994 2.715391 2.796902 2.857658 2.891132 3.230822 4.514574 1.508163 1.858114 2.309225 2.594948 2.856177 2.780653 2.534125 2.395869 2.218671 2.317024 2.486421
2.619865 3.901839 2.77147 2.381911 4.270276 5.835562 3.591003 2.181715 2.137339 2.547757 3.532863 3.50902 3.421947 2.403624 2.006572 1.377968 4.908186 8.027353 3.79902 3.068771 2.454613 1.996871 1.589669 0.9545492 1.006059 1.692663 0.9823307 2.372886 0.9693804 0.9200609 1.563078 1.530496 2.196979 0.7724515 0.7514631 1.447019 2.552307 2.576994 2.653374 2.586998 2.498989 2.363827 1.448836 2.334782 1.245056 1.565076 1.788168 1.998572 2.223701 2.262833 2.669778 2.754503 2.94974 3.002215 3.056589 3.068279 3.34608 4.560264 1.949716 2.184712 2.557031 2.85927 3.116667 3.046251 2.831986 2.752447 2.720839 2.905816
1.584654 2.24194 3.846846 3.31098 4.488528 5.641724 5.537648 3.484985 2.931181 2.059561 3.602716 3.61941 3.585218 2.382139 1.793001 4.298982 4.502519 5.80104 8.355933 3.634002 2.839959 2.347605 2.039488 1.662513 2.08848 0.993962 2.599943 1.653115 1.599515 1.958865 1.919915 2.379895 1.406368 1.368872 1.772293 2.629959 2.628281 2.627666 2.523026 2.457009 2.375687 1.8712 1.532956 2.154496 2.509212 2.533253 2.821891 3.163233 2.293429 2.516723 2.588817 3.499931 2.964248 3.107822 3.17464 3.249085 3.265204 3.54841 4.734959 2.392945 2.591832 3.452675 4.039316 3.432687 3.352768 3.21925 3.244704 3.23066
1.936982 2.347435 2.420449 2.815755 3.465459 3.610531 4.526424 4.65872 2.404761 1.658069 3.202919 3.338618 3.341448 1.606891 4.085171 4.2981 4.295004 4.909286 4.691121 7.766806 4.120872 3.743553 3.640532 3.545305 3.133927 2.847166 2.163549 2.115969 2.300928 2.221434 2.573176 1.813989 1.739646 1.994054 2.696738 2.703602 2.701791 2.570225 2.445569 2.35504 1.963002 1.727535 2.088305 2.070055 1.419691 1.608137 1.846497 2.095884 3.560864 3.919362 4.27541 4.360733 4.738969 4.928938 5.178416 3.417631 3.502575 3.556872 3.833948 5.211444 5.244807 5.192772 5.203602 5.570645 5.719046 5.963999 3.684067 -9999
2.282831 2.698072 2.302072 1.68963 2.152355 2.446037 3.631464 3.606756 2.348602 1.211881 2.573767 2.78061 2.78694 3.525697 3.768213 3.793527 3.585964 3.660479 3.87507 3.907736 7.051144 6.792228 6.728457 3.937941 3.867421 3.789723 3.459857 2.842937 2.682956 2.897785 2.263397 2.176451 2.294766 2.830683 2.850445 2.866389 2.757535 2.631531 2.471455 2.092328 1.877853 2.049676 2.012872 1.923408 1.444601 1.641207 1.862622 2.10972 2.350657 2.606948 2.890061 3.091252 3.154736 3.253072 3.453948 5.528467 5.78255 5.985566 6.10899 1.336822 1.953821 2.281567 2.525483 2.785883 2.957003 3.266092 -9999 -9999
3.426561 2.631415 2.478471 2.286221 1.112775 1.723432 3.231887 2.432952 2.574353 1.554339 1.897735 2.14809 2.139267 2.991678 3.274456 3.323336 3.109313 3.181035 3.361926 3.332001 4.248451 3.194658 3.841975 6.661935 6.687171 6.719029 6.797721 6.890803 6.057215 5.813123 5.669958 5.468602 5.229078 4.990045 4.842798 4.632389 4.360264 4.05729 3.670584 3.284731 2.934141 2.517761 2.034476 2.156303 1.507508 0.9907674 1.514082 1.874026 2.153161 2.442858 2.776362 3.01444 3.074175 3.158816 3.342581 3.538841 3.754781 3.962604 4.08558 6.218235 6.161297 6.115485 6.067564 6.069999 6.027371 6.157396 -9999 -9999
2.648455 2.19756 1.935158 1.729011 1.992997 1.382406 3.43183 2.307703 2.310635 0.7224669 1.320001 1.664253 1.623479 2.617604 2.921165 2.995498 2.793391 2.898305 3.081138 2.988207 3.427433 2.969914 2.78225 3.465696 3.188923 3.16834 3.590237 3.51145 5.686682 5.456076 5.328488 5.159145 4.925939 4.742218 4.664843 4.479785 3.215927 3.066893 2.874103 2.605751 2.37567 2.279898 2.472827 2.702239 1.553992 2.139579 2.306511 2.467134 2.603902 2.818243 3.104994 3.288139 3.322236 3.969791 4.0758 4.159666 4.309815 4.488541 4.619773 4.663818 4.672884 4.691925 4.676785 4.682721 4.65409 4.786197 -9999 -9999
2.314485 1.798245 1.469249 1.065011 1.617172 2.194639 3.968337 1.481375 0.9475228 1.801146 0.6425554 1.303817 1.229607 2.441245 2.73873 2.806405 2.58555 2.716672 2.918302 2.787714 3.213863 2.649092 2.370906 2.225343 2.630194 2.825927 2.740539 3.142127 2.931167 3.490074 2.932311 2.446048 2.428698 2.215207 2.270487 2.287326 3.831455 3.63703 3.450189 2.999513 2.236124 2.021794 2.102496 2.945476 1.567985 1.78593 2.100459 2.295879 2.45803 2.721545 3.046877 3.229557 3.288529 1.030389 0.9793935 1.671261 3.74197 3.899226 4.058677 4.145094 4.207897 4.295287 4.315793 4.348837 4.356251 4.49119 -9999 -9999
2.637828 2.302627 2.227271 2.295034 2.423992 2.378016 2.277403 3.009959 2.184592 1.700322 1.349304 0.7428203 0.6632642 2.346045 2.626202 2.672798 2.418846 2.584636 2.83033 2.692711 3.146086 2.489761 2.135437 1.934018 2.391448 2.595229 2.477185 2.902144 2.634892 2.72989 2.225176 2.528394 1.955551 1.979441 1.75162 1.814566 1.878514 1.982634 1.686461 2.150371 2.118971 1.767485 1.494986 2.124137 1.539088 1.836225 2.12886 2.298615 2.462653 2.750448 3.103681 3.317047 3.42253 3.45824 3.468073 3.555095 1.060236 1.771204 2.249229 2.531041 2.768395 3.01931 3.155545 3.305444 3.431857 3.621047 -9999 -9999
4.499631 3.408237 3.54539 3.851478 4.1798 4.387248 4.045844 3.163681 2.527905 1.55954 1.294505 0.7918268 2.362314 0.6135516 2.354719 2.541306 2.252343 2.472463 2.785449 2.655715 3.169099 2.43156 1.993629 1.703256 2.238437 2.462005 2.318305 2.7957 2.46804 2.555275 1.938906 1.612701 1.612509 1.659892 1.75555 1.479802 1.616174 1.747971 1.902168 1.361248 2.023504 1.35206 1.556803 2.325444 1.451399 1.173977 0.9977373 0.8574901 0.7982665 0.8912832 1.046432 1.126213 1.158328 1.15613 1.152375 1.914404 2.285778 2.520458 2.767413 2.886525 3.040596 3.240005 3.345803 3.518856 3.690634 4.830238 5.026244 -9999
3.874625 4.124185 3.557122 3.822303 3.979015 3.849308 3.287045 2.543556 2.00272 1.441672 1.212641 0.7371883 2.135967 1.741741 1.279446 2.410349 2.076237 2.378423 2.793631 2.685313 3.269948 2.410537 1.829903 1.382252 2.063833 2.306791 2.123034 2.699921 2.331805 1.758264 1.700948 1.67466 1.305678 1.418222 1.617656 1.893932 1.473206 1.609901 1.800509 1.89282 1.564762 2.162145 1.569062 2.694118 1.467021 1.893178 1.668652 2.199961 2.535613 1.489936 1.571956 1.619931 1.640403 1.678762 1.777126 1.24236 1.30894 1.95623 2.337062 2.513346 2.702463 2.913905 3.068133 4.042095 4.256768 2.328151 2.564995 2.599075
2.000812 4.076052 3.910182 4.078657 4.031552 3.693829 3.156604 2.596683 1.657067 1.663811 1.175183 0.7210014 1.875886 1.408208 0.6719966 2.314479 1.890804 2.293234 2.829797 2.740591 3.38845 2.31748 1.48772 0.7260504 1.803895 2.100337 1.852554 2.585935 1.4986 1.495437 1.48222 1.514192 1.64017 1.200733 1.655354 2.496037 2.915269 1.887358 1.557333 2.110864 2.377492 1.984521 1.513435 3.098358 1.624469 2.002959 2.643661 2.613237 2.668826 3.386092 3.651899 1.988345 2.011399 2.044599 2.13452 2.278529 2.033485 1.413482 2.110516 2.400887 2.773888 2.905955 3.348944 1.917146 1.865187 2.15376 2.060214 2.036625
3.780113 1.964473 4.452357 3.64735 3.357353 2.881232 2.306484 1.748598 1.312519 1.381177 1.631002 0.8297234 1.641081 0.9058715 1.559435 1.589569 1.669765 2.178837 2.805709 2.69761 3.197311 1.697555 1.91126 0.7488887 1.453046 1.899298 1.565232 2.069303 1.782427 1.20516 1.245889 1.394696 1.829121 2.93772 2.560949 1.952751 1.590648 1.977795 1.800947 2.880202 2.19473 1.861569 3.044911 1.767763 1.853159 2.127906 1.06139 1.497318 1.783391 2.094361 2.412605 4.043738 2.339599 2.375111 2.43769 3.06718 1.198747 2.388197 1.451822 1.573612 1.370681 1.931828 1.380921 1.554854 2.118927 1.881274 1.691247 1.571263
2.268702 4.214702 1.626709 3.771406 3.383636 2.929903 2.45119 1.363045 1.313837 1.055829 1.375717 1.7868 1.387214 1.299663 1.214158 1.255768 2.008532 2.109247 2.226897 2.77239 3.158504 1.129481 0.8867493 1.601645 1.063868 1.908337 1.40843 1.703551 2.176903 2.31265 1.76659 1.484668 1.308895 1.181439 1.126505 1.81037 2.202392 2.182296 2.148952 3.343002 2.123368 2.867596 2.00791 1.639597 1.824276 2.06619 2.064967 0.7422083 1.345475 1.800285 2.208457 2.530371 4.322382 2.608448 2.667742 3.555243 1.713435 2.369698 1.735415 1.147235 1.167241 1.213744 1.578964 2.35259 2.655537 1.912508 1.338963 1.667325
3.963844 2.468296 4.291892 3.270881 2.770059 2.260697 1.752965 1.319844 0.9720778 1.230171 0.9810779 1.621938 3.76166 1.899997 1.568781 1.639074 1.732955 1.922865 2.20646 2.734248 2.058213 2.342253 1.640783 1.163951 2.031603 2.807477 2.86039 2.335152 1.781755 1.382569 1.781841 1.587922 1.483735 1.443316 1.452218 1.905678 2.270037 2.360658 2.39913 3.622326 2.888417 2.08844 1.879905 1.386941 1.411961 1.794158 1.90393 2.06259 0.6596023 1.437391 1.987345 2.368155 2.572539 4.51902 4.755183 2.857066 3.526579 2.804437 1.907918 1.483237 0.8038278 1.599753 2.263316 1.497359 1.850874 2.340163 1.951825 1.258324
2.555302 4.335038 1.586295 2.962501 2.405717 1.871699 1.36999 1.326745 1.105307 0.8487034 1.541234 1.751751 1.355738 1.079467 1.76461 1.936536 1.47693 1.784387 2.154369 2.798088 2.059687 2.32868 1.650673 1.277128 2.315262 1.850386 1.466564 1.855207 2.065122 1.535748 1.842775 1.77223 1.735601 1.729119 1.748856 2.082974 2.381647 2.477433 2.540314 4.0004 2.252332 2.031057 1.830469 1.296237 1.18523 1.582842 1.774518 2.006858 2.275454 0.7900096 0.9617258 1.065915 1.700119 2.020781 2.360187 4.933286 3.027301 3.623088 3.311251 1.939313 1.507475 1.967459 2.378396 1.78349 1.863567 2.00622 1.547391 1.545147
4.559195 1.971816 3.777212 3.211355 2.706239 2.287798 1.308776 0.9705397 1.307734 1.379418 2.405298 1.983266 1.534943 1.364245 1.792037 1.906446 1.649211 1.819186 2.006498 2.635885 2.878498 2.490969 2.059 2.007568 1.887752 1.445909 1.794885 1.564606 2.55921 1.819601 2.059516 2.029029 2.018856 2.024072 2.043318 2.305685 2.557418 2.654675 4.267707 2.506833 2.21387 1.992543 1.834172 1.381443 1.199098 1.54042 1.739424 1.982804 2.256644 2.564659 1.637944 1.763566 1.073516 1.675735 2.060394 2.498461 5.154734 5.28356 5.598805 3.976963 2.236321 2.463501 2.667108 2.094791 2.03341 2.051159 1.799524 1.394106
4.385253 4.152398 3.479795 2.900121 2.399845 1.325202 1.285121 1.05334 0.8713269 2.246743 1.76401 1.732071 1.82511 2.20592 1.98215 2.026011 1.794408 1.863139 1.966663 3.085041 2.632945 0.896785 0.9092812 1.278151 1.771664 2.041438 1.680023 1.906282 1.861114 3.068624 2.355812 2.337393 2.334311 2.341433 2.357113 2.571919 2.789778 4.4838 2.762946 2.514904 2.207511 1.967834 1.817429 1.408586 1.187686 1.51539 1.731544 1.98385 2.250777 2.523209 2.791827 2.054843 2.174674 1.156997 1.817439 2.285873 3.021571 3.203563 3.626374 5.939629 6.077782 2.695267 3.463832 2.366892 2.230629 2.185801 1.974551 1.796432
5.116242 3.579106 2.846338 2.224525 1.694445 1.266556 0.9131343 1.182724 1.227613 2.101893 1.854566 1.505341 1.783155 2.039392 2.957461 2.258196 2.038558 2.065283 2.12504 3.436977 1.46103 1.411678 1.512489 1.932392 1.990355 1.397521 2.032704 1.883177 2.209897 3.560085 2.733789 2.712301 2.703849 2.708303 2.721007 2.901208 3.073277 4.750365 2.776906 2.507496 2.199784 1.926252 1.700175 1.184898 1.045794 1.458797 1.721832 2.014265 2.300434 2.556533 2.785743 3.310732 1.053516 2.690814 1.446744 2.16476 1.403207 1.797721 1.003679 1.848921 2.373577 5.945386 6.127034 2.799135 2.581624 2.453582 2.606015 0.9055685
5.705069 4.212276 2.907003 2.381008 1.315687 1.280362 1.040371 0.7759271 2.305019 1.453218 0.8664466 2.045551 2.575475 2.106617 3.517311 2.587491 2.370817 2.369185 2.395442 3.597057 1.759155 1.708772 1.815727 1.811337 2.090372 1.453512 1.989679 2.699893 3.245304 2.660578 4.191308 3.070317 3.047595 3.043181 3.050658 3.201842 5.057537 3.028487 2.801199 2.530847 2.233737 1.933859 0.9292561 1.717095 0.9929753 1.509507 1.802216 2.688954 3.314788 3.801994 2.972355 4.032142 1.828762 2.887864 1.520614 1.814966 1.850645 1.298112 1.705178 2.145862 2.482805 2.694304 3.028498 6.297346 3.80998 2.951234 2.872896 1.533466
5.100063 2.689418 2.689677 1.687536 1.285163 0.9610727 1.286405 1.314282 2.075017 1.05903 1.448125 1.736615 2.01345 3.239287 2.603607 4.189182 2.840249 2.807215 4.12798 2.234655 3.051825 2.520759 1.751767 1.664061 1.688523 1.46061 1.569305 1.803413 2.158313 3.4835 4.461582 3.223365 3.178323 3.162188 3.170703 3.320395 5.222738 3.046423 2.81375 2.574927 2.319355 1.651028 1.082605 2.342799 1.304506 1.785257 2.513386 2.724243 2.966091 3.167899 5.118334 5.591511 6.259858 6.488159 2.615286 2.70723 1.956766 1.4313 1.820928 2.225945 2.488111 2.636549 3.257643 3.517549 6.505425 4.542076 3.292506 2.062697
3.054915 4.124575 1.821669 1.337853 1.323864 1.125066 0.9855159 2.30028 1.442348 1.598669 1.445254 0.714293 1.397008 1.888978 3.831655 4.464815 4.842922 4.811857 2.843122 3.413577 2.290104 1.979111 1.753168 1.596074 1.371594 1.399076 0.9024453 1.357824 1.767656 2.473749 4.795753 3.341418 3.283772 3.255254 3.264824 5.337102 3.19749 3.015838 2.811777 2.626318 2.12999 1.81672 2.738343 1.745839 2.125386 2.626025 2.516444 3.156074 3.707401 3.973176 2.415906 2.829505 2.963909 3.964783 6.820362 6.991266 2.892421 2.065442 1.203163 1.252149 1.945132 2.255288 1.058624 1.736076 2.356915 6.563095 6.939716 2.864812
2.573502 3.715804 1.75779 1.37877 1.045402 1.386402 1.640801 2.081939 1.078734 1.481817 1.851187 1.911966 0.8355492 1.564301 2.15274 2.773507 5.854786 5.455029 3.941751 2.7374 0.6861633 0.6102501 1.775125 1.584815 1.207968 1.26864 1.588135 0.6329642 1.293778 2.156575 2.851011 5.115498 3.475477 3.439052 3.436719 5.493455 3.177111 2.981487 2.820916 3.555038 3.183182 2.834697 2.170671 2.670164 4.267182 1.814206 2.319632 2.634364 2.264361 1.868461 2.318422 0.6818724 2.11923 2.305695 2.36556 3.019954 6.212683 2.675205 2.30913 2.003962 1.396981 2.051415 2.293752 2.464119 2.762487 3.091712 3.73175 7.699021
2.289672 3.439495 1.835719 1.534963 1.283691 1.107817 2.889855 1.323257 1.545334 1.419325 1.854075 2.245193 2.325339 0.9941988 1.798333 2.432589 3.139857 6.739406 3.419183 1.665153 1.389193 2.009273 1.799339 1.599621 1.129911 1.142179 1.546206 1.722572 0.5884312 1.838549 2.625628 5.237319 3.581417 3.546489 3.553339 5.626442 3.156596 4.407928 4.175363 3.394185 3.328984 3.331466 3.017858 2.347124 1.980457 1.58683 2.476242 1.955731 1.409474 1.7407 0.6324963 1.759049 1.806146 1.465094 0.9215186 1.827515 3.151752 5.858259 2.801815 2.7268 2.581605 1.495428 2.047786 2.328625 2.614481 2.877841 3.301985 3.902087
2.158956 3.29337 1.708833 1.752223 1.595449 1.7017 2.18102 1.069622 1.478015 1.828589 1.878053 2.267308 2.585405 2.696066 1.159068 1.249649 1.462533 6.434464 3.753254 2.087828 2.320632 2.013672 1.805395 1.595345 1.05729 1.014126 1.489146 1.724131 1.991289 1.438328 2.378466 2.995156 5.519149 3.799014 5.953719 5.141397 4.704552 3.168602 3.129399 3.029255 2.910296 2.820478 2.616106 2.376461 2.079727 1.311081 1.733145 1.57391 0.8220645 1.513257 1.533349 1.518183 0.7716119 0.7194223 1.437679 1.941523 2.338906 3.114031 5.824209 3.077512 3.054067 2.904917 1.504914 2.11082 2.453199 2.746101 3.088613 3.416871
