twi.asc
ncols         469
nrows         365
xllcorner     198538.8800233
yllcorner     438669.69527598
cellsize      10
NODATA_value  -9999
[rows 186 to 216 of 365, columns 68 to 135 of 469]
2.31911 2.896311 -9999 -9999 -9999 -9999 -9999 -9999 -9999 -9999 7.473481 3.749182 2.389201 1.897219 2.606894 6.733152 6.767827 6.800204 6.828673 6.777996 6.6208 5.74034 5.400836 4.278217 3.656777 2.797379 2.671609 2.572676 2.48104 2.374601 2.232482 2.047255 1.815603 1.512028 0.9983447 2.21542 1.067339 1.717496 2.523888 1.377855 1.79818 1.984198 3.238786 2.886954 3.028705 3.207062 3.183316 5.233788 3.806393 3.742891 3.806467 3.59003 3.422939 3.124946 2.91422 2.287307 1.961208 0.8662937 1.583312 2.549442 2.815938 3.348423 2.909345 3.381923 6.105696 4.167344 4.172287 3.889367
3.266194 2.256832 4.861829 5.555943 5.280356 -9999 4.895367 4.623349 4.210059 3.526424 2.641251 2.545621 2.454734 1.486153 0.7622947 1.854404 2.372785 2.171712 2.62667 2.547097 3.533975 5.794611 5.288743 3.192515 2.870615 2.582464 2.369501 2.202948 2.057554 1.899993 1.683867 1.351844 0.749732 0.8670031 2.400913 1.052491 1.696616 2.970704 1.867477 1.489272 1.174298 0.8957796 1.613114 3.428979 3.074142 3.092749 3.865938 5.21523 3.861187 3.79712 3.845468 3.638268 3.48187 3.220054 3.054168 2.553363 2.309924 1.623187 0.9750138 3.146508 1.193409 3.283572 3.776424 3.364907 6.292324 4.31656 4.331316 4.131542
2.345464 1.625402 4.124469 2.838044 2.898533 2.7732 2.747904 3.053484 2.375008 2.225608 2.112509 2.052689 2.008594 1.962002 0.5294968 1.185709 1.855657 1.573673 2.127097 1.98884 2.343239 2.531891 4.395406 5.207599 2.883805 2.423745 2.074262 1.784745 1.499002 1.145744 0.5335857 0.6279295 1.425357 2.440886 0.9288627 1.703105 3.404296 2.281516 2.043398 1.772952 1.265591 2.039369 2.324095 2.946176 4.041617 3.256592 3.351077 5.608479 3.996916 3.855624 3.856972 3.66632 3.553486 3.336919 3.194587 0.9937467 3.319404 2.163397 1.844967 3.480775 1.41223 2.215988 3.692812 4.05978 3.688159 6.492432 4.475266 5.087111
2.763185 1.414617 2.775784 3.376059 2.23365 2.399358 2.360161 2.300738 2.591969 1.808652 1.752045 1.714179 1.683735 1.645411 1.606799 0.4713993 1.534635 1.117564 1.833346 1.59128 1.941607 2.037019 2.411782 3.986801 4.901159 4.578779 2.432684 2.102019 1.822311 1.547942 1.212926 1.716781 2.498567 1.473318 1.978162 3.409247 2.526786 2.267919 2.106306 2.113723 1.372706 1.693396 2.086649 2.432547 2.775311 4.554364 5.094326 5.509812 5.917779 4.86196 4.055783 3.773698 3.625276 3.432375 3.333622 1.758353 3.520512 2.59418 2.422465 3.749824 1.51819 2.941979 1.596 3.824423 4.173913 6.56134 4.659873 5.917068
2.38055 2.511603 2.517651 2.934808 1.842822 1.702848 2.060945 1.999029 1.886167 2.352415 1.45216 1.443208 1.409889 1.390338 1.379029 1.356151 1.313852 0.5894794 1.6714 1.25341 1.65755 1.677292 2.009035 2.303973 3.42584 2.495463 4.415103 2.662166 2.368343 2.148071 1.977293 2.632704 1.845426 2.171 3.356661 2.584368 2.400273 2.119169 1.967946 1.742483 1.372907 1.776625 2.174785 2.544713 2.886906 4.390841 4.815423 5.145352 6.024724 6.709803 5.026152 4.190913 4.531562 3.595858 3.494652 2.260083 3.728606 2.934389 2.791944 3.855876 1.456056 3.244635 2.192431 1.557272 3.901175 6.599426 6.160506 6.993736
1.897092 2.125872 2.293788 2.241405 2.691753 1.100057 1.041023 1.704312 1.632326 1.678331 2.466295 1.038532 0.9310476 0.9120517 0.9677388 0.9906598 0.9654163 0.9768292 1.64916 0.8966452 1.524038 1.467916 1.824969 2.091975 1.838282 3.135464 2.338952 4.199555 3.441843 3.296956 3.259861 2.256022 2.505453 3.442313 2.692129 2.538911 2.302022 2.040262 1.891998 1.701078 1.679548 2.467203 2.613284 3.449729 3.882387 2.742823 2.708261 2.701696 3.380893 3.847717 6.53844 6.753037 4.332783 4.696954 4.448631 2.68252 3.922853 3.208225 3.061292 3.94108 2.138159 3.399533 2.579728 2.16731 1.463821 6.585781 7.294834 2.809424
2.066709 1.79558 2.134655 1.951076 1.504414 2.292184 1.818624 1.157264 1.144632 1.325891 1.509841 2.429388 1.787067 1.007512 1.026195 1.029376 1.036231 1.167548 1.376442 1.642688 1.600482 1.334485 1.797226 2.056112 1.605926 2.036442 2.771178 2.093516 3.37464 3.18636 3.036779 2.963591 3.742885 2.920398 2.682783 2.459687 2.216343 1.98138 1.869084 2.115822 2.845222 2.272883 2.625866 2.27503 2.27866 2.243661 2.159306 2.11928 2.083624 2.384037 3.183555 3.4655 6.730969 6.891899 4.911549 4.874907 4.152718 3.477505 3.339718 4.114048 2.642336 3.626838 2.918958 2.597038 2.255998 7.909313 3.704699 2.232134
1.953837 2.831023 2.743826 2.048275 1.508358 1.880573 1.123824 1.165043 1.158818 1.27801 1.369275 1.251515 1.068733 1.644216 1.557312 1.485226 1.469806 1.538628 1.004571 1.3555 1.96346 2.047464 1.653592 2.112353 1.268577 1.854091 2.214649 1.804893 1.81089 1.304568 1.655423 4.177569 3.225557 2.874669 2.595316 2.358887 2.121798 1.879096 1.675482 1.50114 2.185582 1.563205 1.982107 1.910825 1.9283 1.945215 1.854069 1.731298 2.020694 1.940049 1.973841 2.94278 3.225978 3.511641 6.944313 7.279324 5.51055 1.614022 4.225697 4.22817 2.963337 3.779396 1.592903 3.720886 2.975924 8.137901 2.516415 1.752715
2.087752 1.961592 2.506619 2.700457 2.388202 1.067821 1.715 1.719167 1.69108 1.716346 1.751244 1.735328 2.080627 2.017648 1.917929 1.796966 1.72565 1.326521 1.414469 1.59347 1.897864 1.48657 2.28615 1.735008 1.77731 1.657485 1.642075 1.701847 1.714039 2.103047 1.775127 3.997099 3.158699 3.463308 2.526778 2.305692 2.072012 2.491736 1.884727 1.056786 2.170759 2.181678 1.671688 1.554283 1.629079 1.767141 1.565764 1.975493 1.745816 1.550337 1.892859 1.939409 2.714632 2.994428 3.30123 3.706697 7.274732 5.385002 4.293279 4.233125 3.131645 3.825881 1.560509 3.978035 7.991014 3.99264 2.547095 1.959242
2.11124 2.039367 2.442238 3.22252 1.778399 2.030165 2.005172 2.003805 1.981189 2.000162 2.035304 2.351727 2.378953 2.397848 2.354154 2.223219 1.79378 1.734466 1.78299 1.893988 1.659786 2.24985 1.298024 1.504281 1.73816 1.891516 2.011016 1.802766 1.377114 1.059681 1.558188 3.64463 3.130549 3.855587 2.516209 3.458985 3.090722 2.074263 1.809891 1.579123 1.5096 2.046208 1.936348 1.766949 1.809367 2.092644 1.921349 1.615488 1.351622 1.723761 1.546484 1.506892 1.51128 1.979401 2.376677 2.805161 4.137756 7.042772 5.539823 4.125291 3.140414 3.794751 2.189077 4.051688 7.890224 1.400617 2.192734 1.632981
2.225825 2.240736 2.581321 -9999 2.427757 -9999 -9999 2.266095 2.257065 2.283774 2.553264 2.599923 2.663627 4.64105 4.5472 4.287758 3.895477 3.509675 3.185805 2.79103 2.3339 1.74717 1.847098 1.959572 2.000272 1.223659 1.745356 1.545859 1.358112 1.231475 1.634712 3.561276 4.300976 4.212164 3.813665 2.459679 2.342669 2.142376 1.872539 1.639899 1.435944 2.248545 1.4165 2.044581 2.127614 2.329407 2.357621 1.679948 1.723003 1.356683 1.052949 0.9107544 0.8172663 1.499899 1.959608 2.397309 2.821861 4.35779 7.312575 4.335453 3.405133 3.977443 2.685254 4.201255 7.856257 3.370901 1.846446 1.212655
2.551634 2.647835 2.951688 -9999 -9999 -9999 -9999 -9999 -9999 5.191578 5.126125 5.040754 4.937841 3.789833 3.836701 3.748355 3.482791 2.735034 2.529072 2.35326 2.141141 2.160774 2.16208 2.137007 0.9239857 1.443673 1.673678 1.546708 1.487327 1.509726 1.933339 4.70448 4.553539 2.900307 2.65959 2.558673 2.514308 2.42358 2.313763 2.287439 1.690488 1.466606 2.640531 1.211767 2.911913 2.491948 1.368025 2.506029 2.245543 1.493173 1.255065 1.72683 1.94056 2.167656 2.425947 2.738345 3.071052 3.290564 3.701042 7.856706 5.18143 4.428528 3.228426 4.446755 7.922826 3.08907 2.380572 1.9345
3.086188 3.252984 -9999 -9999 -9999 -9999 -9999 -9999 -9999 3.641969 3.563992 3.449579 3.291242 3.208485 3.16589 2.690416 1.709643 2.438694 1.853686 1.205943 2.546212 2.391869 0.8525138 2.113356 1.288584 1.559072 1.748321 1.723418 1.780016 1.937258 4.815564 4.856268 3.202735 2.934776 2.780521 2.727145 2.714888 2.719472 2.42025 2.265169 3.158786 1.809927 2.187396 3.236434 3.311929 1.480118 2.692705 2.840742 2.333975 1.212204 1.80822 0.9559437 0.7996309 0.7741352 1.534916 2.068693 2.532543 2.832081 3.256373 3.884881 8.048852 5.858352 3.778314 4.753364 7.999623 1.327959 1.518662 0.6062813
-9999 -9999 -9999 -9999 -9999 -9999 -9999 -9999 -9999 3.900318 3.598466 3.31709 2.952812 2.50632 1.65949 1.72198 1.794861 1.352431 1.650955 3.042406 1.099807 2.4443 1.340891 2.132762 1.533188 1.761672 1.990031 2.096941 2.308629 5.067732 5.126009 3.124781 2.82499 2.61218 2.48428 2.401264 2.33456 1.787613 1.665505 1.437124 1.895645 2.739527 3.50939 4.099525 4.885131 3.572046 1.947294 3.444862 2.479553 1.033495 1.624519 1.918664 1.452299 1.49605 0.9305971 1.762402 2.33539 2.69875 3.083196 3.54425 3.862693 8.129779 6.224452 5.026216 8.095185 2.475586 0.8706532 2.034895
-9999 -9999 -9999 -9999 -9999 -9999 -9999 -9999 1.944473 1.980779 2.294251 1.569198 1.553329 1.612033 1.722457 1.198461 1.43784 1.808469 1.708617 3.048208 1.620722 2.506007 1.678561 2.292698 1.855399 2.101645 2.427621 2.714708 6.166708 5.379203 2.806317 2.460699 2.186362 1.961638 1.75549 1.51495 1.1982 1.371256 1.696062 1.441686 1.492989 1.983558 1.946584 2.807883 3.557658 4.601978 4.663964 4.828743 3.964857 1.104683 1.635241 1.957126 2.275245 2.099419 2.98821 3.260674 6.599338 6.621203 6.68491 6.843168 6.988956 7.418364 8.495669 5.099718 8.145608 3.092975 2.567601 2.094803
-9999 -9999 -9999 -9999 -9999 -9999 -9999 1.536776 1.572303 1.657711 1.669522 2.05011 0.9667611 1.084421 1.271504 1.511917 1.6388 1.459235 1.886226 2.907347 1.877023 2.609686 1.996203 2.555783 2.293168 2.6701 3.791325 6.328855 3.290952 2.844331 2.466645 2.191304 1.96366 1.74523 1.494077 1.144132 0.570832 0.8139349 1.320848 2.84429 2.117891 1.536124 1.402 2.127498 1.987638 2.138359 2.351897 2.811188 5.226839 4.135288 1.835791 2.210915 3.244434 3.988238 6.720397 6.602024 1.93946 2.547926 2.244592 3.354627 3.665026 4.175873 7.796885 8.42592 8.209048 4.017062 2.684665 2.161542
-9999 -9999 -9999 -9999 -9999 -9999 0.9574212 0.9083188 0.9870067 1.111363 1.132784 1.14233 1.870331 1.305454 1.424436 1.362521 1.877774 1.696217 1.959813 2.825242 2.06659 2.76795 2.359512 2.946925 2.902218 6.763207 6.533445 3.402728 3.098713 2.788442 2.523559 2.335181 2.188925 2.043829 1.868908 1.645153 1.392927 0.9901479 1.415331 1.608296 1.566746 1.627348 1.876928 2.034892 2.110518 2.343583 2.770987 3.054136 3.471954 5.364126 5.585183 5.800374 6.93039 6.783307 3.79396 1.138179 2.083861 1.611597 2.286183 2.798236 3.765268 4.240866 4.710729 7.621367 8.89973 4.533926 2.751813 2.178745
-9999 -9999 -9999 -9999 -9999 3.018541 2.843432 2.602376 2.446347 2.318112 1.979976 1.310916 1.290967 1.947103 1.146233 1.687914 1.969113 1.881395 2.109291 2.890806 2.352202 3.103519 2.953537 4.222075 6.958148 4.389388 4.013918 3.708041 2.904442 2.641696 2.410157 2.242844 2.099148 1.928983 1.692229 1.353873 0.8213427 1.765074 1.285779 2.014103 2.08697 2.346671 2.273874 3.007891 1.734946 1.734862 0.793086 1.531672 2.167269 2.708805 4.133534 5.787984 3.353362 2.967592 2.408635 1.628182 0.8708389 1.913325 2.396371 2.66884 1.76239 1.233858 2.146317 2.813436 7.283772 8.51165 3.524984 2.186251
-9999 -9999 -9999 -9999 2.852111 2.704867 2.508192 2.140047 1.772255 1.253822 1.369621 2.054805 2.329357 1.087171 1.69019 2.027574 2.244383 2.196357 2.430848 3.228424 2.97054 4.32261 7.162599 6.991692 4.042241 3.303241 2.984886 0.8349681 2.831041 2.559154 2.323774 2.147947 1.972693 1.743002 1.387306 0.7550434 1.974093 1.717062 1.168847 2.439995 2.705161 3.432361 2.71381 4.295565 2.201099 1.188056 1.505159 1.901226 2.41828 3.652275 4.12654 4.906492 2.793608 2.51387 1.989734 0.9078107 1.555933 2.163446 2.355263 0.8361153 1.018643 1.829278 2.358366 2.783652 3.055167 6.962507 8.27034 3.035286
-9999 -9999 -9999 -9999 1.706556 1.0855 1.099879 0.9985458 1.003498 1.879493 2.457638 1.351977 2.60239 1.794756 2.1525 2.41244 2.599958 2.599835 2.8911 3.816397 5.181892 7.256562 2.376004 1.848767 1.731762 2.796975 1.015661 2.911591 2.645808 2.302905 1.988231 1.700984 1.335839 0.699449 0.7323117 2.143196 1.911643 1.57637 0.9877502 2.569813 3.542513 2.485401 2.901513 3.024037 2.657457 1.977521 1.933973 2.216051 2.720673 4.057769 4.819805 2.897759 2.587268 2.350388 1.710102 1.022734 1.987342 2.136063 0.7061489 1.479177 2.036196 2.447167 2.778174 2.981068 3.128919 3.884549 8.7142 3.707658
-9999 -9999 -9999 -9999 0.9875026 1.73812 1.717189 1.619878 2.005948 2.479667 2.011421 1.346085 2.865082 2.261944 2.489145 2.683936 2.873286 2.9512 3.29226 5.186388 7.264917 2.49023 1.807445 1.107322 1.123721 1.164295 2.817723 2.514518 2.06387 1.45872 0.6391023 0.6017871 0.6132185 1.351809 2.290127 2.069084 1.815566 1.470743 2.476251 3.21613 2.330006 2.561807 2.475219 2.462785 2.951374 2.033734 1.998563 2.31658 3.746845 4.496212 2.874202 2.599736 2.388945 2.194688 1.183386 1.800004 2.002435 0.7467067 1.385219 1.841603 2.245472 2.612078 2.902949 3.005831 3.104089 3.380254 4.133015 8.559526
-9999 -9999 -9999 -9999 2.073693 2.087484 2.058117 2.268664 2.458271 2.098256 1.207939 1.969793 3.050603 2.615558 2.810316 2.968273 3.135319 3.241214 5.223987 6.954588 3.414216 3.184861 2.897561 2.742971 2.569026 2.341429 1.995817 1.223044 1.043808 0.8285347 1.363272 1.273643 1.652838 2.380348 2.237001 2.028725 1.779204 2.537457 3.119232 2.296438 2.423788 2.293271 2.130558 2.060394 3.314859 2.133999 2.139381 3.149401 4.074986 2.820012 2.532076 2.300349 2.107628 1.863688 1.251156 1.804145 0.8940854 1.441151 1.791833 2.105651 2.421006 2.758032 3.015486 3.066213 3.130074 3.36758 4.317927 8.645024
-9999 -9999 -9999 -9999 -9999 2.393201 2.576374 2.696327 2.265423 1.667955 1.124774 2.316911 3.218369 2.956664 3.21407 3.371277 3.488471 3.54734 7.147678 3.554889 1.167068 1.150477 1.090251 1.089326 1.103017 1.150281 1.225903 1.909597 1.791083 2.019277 1.858269 2.018701 2.521545 2.386609 2.250422 2.060844 2.669859 3.190295 2.453795 2.491054 2.304676 2.103368 1.879704 1.742685 4.694777 2.356699 2.630551 2.55213 3.735028 2.61379 2.344625 2.11377 1.874026 1.349203 1.298679 1.06327 1.539048 1.833856 2.081776 2.325173 2.595556 2.908727 3.125741 3.140268 3.184741 3.384098 3.692252 4.98693
-9999 -9999 -9999 -9999 -9999 2.912367 2.987777 3.085304 2.139199 1.788933 1.14475 2.567345 3.334753 3.203454 3.574124 3.772717 3.880591 7.427556 4.102252 2.291547 1.826354 1.816229 1.780095 1.760159 1.756865 1.770571 2.232396 2.271865 2.518161 2.412047 2.510702 2.848952 2.644531 2.500441 2.366436 2.895525 3.362713 2.718067 2.725893 2.519361 2.260079 2.835825 2.396899 2.170377 2.918187 1.922499 2.496383 3.366829 2.419828 2.366373 2.123305 1.870923 1.362157 1.346204 1.8607 2.04438 2.183753 2.357134 2.516634 2.687571 2.911391 3.182737 3.331403 3.308812 3.34131 3.511676 3.750031 3.980277
-9999 -9999 -9999 -9999 4.934709 4.30049 3.67915 2.50609 2.347837 2.008768 1.314071 2.932622 4.076612 3.53383 1.645072 1.720286 4.692822 7.611223 3.873871 3.554628 3.412385 3.002445 2.261197 2.207357 2.185942 2.470744 2.50435 2.777461 2.782201 2.917281 3.242591 3.981994 3.443708 2.673468 4.991701 4.900951 4.692099 4.498217 4.190975 3.845325 3.398335 2.226879 1.995313 1.937172 1.987952 2.542279 2.784139 2.522799 2.100976 2.084417 1.776495 1.246683 1.228072 1.763112 2.049532 2.218716 2.39888 2.597509 2.731283 2.863454 3.067149 3.313085 3.41137 3.376753 3.419818 3.58301 3.762292 3.892343
-9999 -9999 -9999 -9999 -9999 -9999 1.905654 1.23454 2.506969 2.212416 1.535659 4.584587 3.707734 2.212353 1.655409 2.393859 7.626068 4.186024 3.4568 3.240345 3.12193 2.983814 2.70179 2.591438 2.746601 2.731417 6.266618 6.311625 6.30194 6.219316 6.060845 5.789888 5.745785 5.695892 4.882034 4.896589 4.970654 4.870455 4.629745 4.373332 2.771532 2.4531 2.217696 2.148683 2.214209 1.696195 2.590538 2.456125 2.012756 2.059462 1.482985 1.377993 1.718821 1.948651 2.187511 2.40045 2.634434 2.842218 2.92972 3.008162 3.170588 3.374518 3.458313 3.447685 3.506787 3.65715 3.802354 3.903132
-9999 -9999 -9999 -9999 -9999 -9999 2.994331 2.727871 2.527836 1.526411 2.241537 4.967308 2.580077 2.226311 1.822491 3.194983 8.670614 7.086331 6.6716 6.687123 6.813611 6.941956 6.898585 6.714628 6.562128 6.470201 4.701185 4.748545 4.718228 4.626745 4.499074 4.372901 4.282431 4.158569 3.829656 3.430582 2.810813 2.526329 3.021381 2.91507 3.954357 3.582737 2.424866 2.319027 2.399079 1.67508 2.444825 2.597409 2.194451 2.553932 2.28217 1.389953 1.612921 1.87147 2.148591 2.421181 2.692003 2.891145 2.94799 2.996248 3.118166 3.276398 3.377118 3.424743 3.515439 3.652509 3.799089 3.936851
-9999 -9999 -9999 -9999 -9999 -9999 -9999 2.917043 2.144481 1.396744 4.941043 2.877186 2.610056 2.225224 3.147772 8.651498 6.249105 5.265435 4.930436 4.974256 5.133621 5.290435 5.215745 4.948944 4.73819 4.620167 4.56034 4.56843 4.511863 4.260548 3.957438 3.590452 3.118759 2.343038 2.280955 2.465255 2.518787 2.553857 2.164291 2.746817 2.631621 2.235057 3.016241 2.506492 1.888528 2.335549 1.969284 2.385134 2.759527 2.331032 1.721872 1.910271 0.9392064 1.538091 1.937863 2.24701 2.49452 2.680182 2.762788 2.832844 2.945988 3.083694 3.213894 3.326748 3.473435 3.630481 3.780393 -9999
-9999 -9999 -9999 -9999 -9999 -9999 -9999 -9999 -9999 -9999 -9999 -9999 2.74231 3.275899 8.026601 5.627892 5.660019 5.209174 5.04004 5.104825 5.250408 5.353782 5.228466 4.917877 4.693117 4.605742 4.438139 4.274515 3.481557 2.324412 2.254875 2.192047 2.13026 2.056552 2.006558 2.005355 2.256039 2.265943 2.264547 1.76122 2.505486 2.400013 1.933915 2.004022 1.839808 1.612952 2.053659 1.928979 2.436992 2.184207 1.888731 1.728427 2.123639 2.43512 2.651739 2.75936 2.81185 2.886271 2.943442 3.005503 3.092849 3.19934 3.326395 3.472539 3.669345 3.844175 3.942477 -9999
3.382425 -9999 -9999 -9999 -9999 -9999 -9999 -9999 -9999 -9999 -9999 -9999 3.525598 8.231044 6.738601 6.227115 5.507625 5.359747 5.362071 4.651711 4.703408 4.655599 4.477437 3.978084 3.461427 2.327855 2.335295 2.341408 3.499246 3.278226 1.918969 1.871386 1.813309 1.744103 1.699346 1.689626 1.693206 1.976368 1.980346 2.003576 1.380964 2.406854 2.296306 1.706415 1.974679 1.904498 2.191459 2.184489 2.293182 2.185058 2.061888 2.044174 2.161657 1.230696 1.320473 1.835879 1.995057 2.158287 2.3183 2.468459 2.614849 2.763266 2.928926 3.12637 3.383964 3.587402 3.655252 -9999
3.011763 3.331182 -9999 -9999 -9999 -9999 -9999 -9999 -9999 -9999 -9999 8.214795 8.23138 6.976471 3.660914 3.178453 2.807446 2.564086 2.406005 4.883265 4.612336 4.443161 2.566597 2.405255 2.297677 2.843956 2.021161 2.028724 2.001464 3.333623 3.101497 1.450948 1.395337 1.336469 1.297859 1.28005 1.270041 1.265845 1.701274 1.770469 1.876277 0.8799383 2.382874 2.31109 1.664524 2.804928 2.201959 1.924211 1.961268 2.207144 2.252208 2.311886 2.420889 2.571596 2.004486 1.194795 0.93543 1.477847 1.817319 2.074176 2.286057 2.478142 2.678516 2.915952 3.191503 3.364744 3.411739 -9999
