twi.asc
ncols         469
nrows         365
xllcorner     198538.8800233
yllcorner     438669.69527598
cellsize      10
NODATA_value  -9999
[rows 93 to 123 of 365, columns 272 to 339 of 469]
1.844698 1.530492 1.228676 2.269232 1.623215 2.02321 1.354111 1.705472 1.759399 2.114589 3.53484 2.568101 2.54989 2.508848 2.474952 2.455288 2.44516 2.436459 2.232825 1.955837 1.603105 1.15429 2.058858 1.877801 1.677594 1.807541 1.605389 1.210908 1.543136 1.549089 1.229021 1.62831 1.44609 1.297835 1.588388 1.533209 1.553887 1.225715 1.33203 1.416957 2.554814 1.893826 2.998436 2.154696 2.134464 2.610375 2.637302 2.916044 3.165854 3.405999 3.480573 3.597953 3.683047 3.755207 7.765464 7.709383 7.726594 7.828522 4.395122 8.371861 3.329974 2.533018 1.679868 0.9412357 1.9841 1.917894 0.8260316 3.075026
1.453599 1.616666 1.46286 1.88877 1.866763 1.858665 2.537506 2.880518 2.071856 2.195993 2.471698 4.01313 2.800446 2.738347 2.677074 2.6371 2.617067 2.60722 2.434107 2.194882 0.5064561 2.23009 2.184428 1.993676 1.785033 1.821302 1.609145 1.337154 1.576038 1.29166 1.738561 1.485425 1.119037 1.519859 1.295674 1.164678 0.4503274 0.5169472 0.6417862 2.361349 1.481617 2.890529 1.897784 1.846978 2.316585 2.095932 2.216065 2.436946 2.674522 3.030452 3.226575 3.382247 3.454257 3.542401 3.638149 3.70554 3.811912 3.971158 8.137951 8.374122 3.978389 2.293388 1.014542 1.6796 2.357151 2.312195 1.671899 3.423973
1.52126 1.151868 1.875882 1.447198 1.627926 1.75031 1.911433 2.141791 3.443927 2.473795 2.58358 2.778528 4.385075 2.961466 2.874865 2.804532 2.76368 2.745349 2.594558 0.5988276 2.313955 1.140816 2.958165 2.158441 1.95471 1.93964 1.72921 1.50388 1.640009 1.466061 1.146143 1.606099 1.565253 1.14598 0.7914338 0.5666416 1.180287 1.630009 2.068108 0.8408577 2.832819 1.58735 1.540695 2.153449 1.79971 1.74349 1.773735 1.91352 2.117782 3.005615 3.279514 3.457247 3.504799 3.559882 3.647578 3.717506 3.819494 3.939259 4.23394 8.988095 4.149745 2.645564 1.735872 2.094486 2.623739 2.666076 2.324403 -9999
1.655943 1.535072 1.886981 1.842025 1.89491 1.9779 2.103294 2.312485 2.611357 4.063708 2.857311 2.895224 2.993297 4.660964 3.075782 2.975812 2.901956 2.860685 2.714404 0.5867484 1.211341 2.394721 1.500986 3.381047 2.153357 2.116214 1.907165 1.691399 1.749149 1.865394 0.6706561 1.643608 1.223417 1.221282 0.9385033 1.363448 1.642226 1.945067 2.337997 2.755729 1.089809 1.124977 2.145237 1.619955 1.517634 1.406819 1.34374 1.380625 1.534414 1.048781 1.919921 2.431927 2.702943 2.878042 3.692388 4.281654 4.303203 4.360555 4.600812 5.418853 8.834602 3.059523 2.276587 2.438196 2.843544 2.973597 -9999 -9999
1.120945 1.734697 1.385219 1.62755 1.806883 1.958471 2.11757 2.335865 2.615535 2.94589 4.56899 3.10034 3.065409 3.139902 4.883853 3.164907 3.058965 2.979018 2.816676 0.5648632 1.204233 1.554745 2.496171 3.598154 2.370695 2.33718 2.128022 1.903228 2.480952 1.010213 0.3982464 1.6291 1.384276 0.8082538 1.480107 0.6605697 0.5676013 1.27092 1.838127 2.390644 1.23581 2.079334 1.370106 1.260977 1.116702 0.9407659 0.7741194 0.6900676 0.7663364 1.630629 2.224788 2.65682 2.953763 3.144209 3.548376 3.302259 3.304115 3.381779 3.651986 4.038913 5.744255 9.018088 3.02337 -9999 -9999 -9999 -9999 -9999
1.335928 1.57783 1.727719 1.877771 2.043412 2.195108 2.348526 2.538528 2.770106 3.044816 3.346286 4.929238 5.082948 5.241623 3.314032 5.129528 3.283328 3.143435 2.943389 1.265618 0.5383353 1.603381 1.853144 2.68573 4.0027 2.605787 2.403057 2.167996 2.614143 1.381544 0.9884612 1.731804 1.519533 1.186655 0.5374963 1.642621 1.227213 0.5641009 0.6938121 0.9043813 2.718966 1.251268 1.32107 1.373022 1.321301 1.183271 1.676283 1.905162 2.181815 2.513437 2.862943 3.150809 3.427005 3.63957 3.411866 1.133942 1.652948 2.678773 2.938513 3.325775 3.752206 4.355632 -9999 -9999 -9999 -9999 -9999 -9999
1.518581 1.241269 1.524943 1.786608 2.021388 2.221158 2.403218 2.596629 2.816131 3.067732 3.321765 3.471049 3.527882 3.667427 5.476984 5.573937 5.222532 4.0771 3.168257 1.76152 0.6229095 1.29176 1.945278 2.207559 4.43889 2.928566 2.741344 2.500847 2.847349 1.753054 1.414675 1.911317 1.706423 1.457978 1.101722 0.4550917 1.874679 1.631473 1.31844 1.444671 1.55773 2.707493 1.629237 1.66779 1.68348 1.696505 1.000964 0.9307794 1.600375 2.085102 2.511741 2.818748 3.148814 3.449658 1.422146 1.915152 2.130786 0.9064726 1.605569 2.19264 2.798372 3.470035 -9999 -9999 -9999 -9999 -9999 -9999
1.46735 1.665529 1.818164 2.027954 2.237264 2.426285 2.604222 2.795429 3.013113 5.496105 5.679973 5.74432 5.740509 5.803415 5.90837 5.9297 6.478559 5.263993 4.179888 3.357127 2.187654 1.449518 1.809014 2.372627 2.71266 4.975423 3.161733 2.891751 3.141597 2.131007 1.799763 2.141586 1.942673 1.737433 1.485959 1.12158 0.4636607 2.11355 1.945644 1.717348 1.777424 1.794376 2.627476 2.271452 0.6412709 1.75427 1.820079 1.52012 0.9489979 1.086248 1.222811 1.979631 2.497942 2.888951 1.425727 1.952311 2.191775 2.334689 2.506381 2.8246 3.31249 -9999 -9999 -9999 -9999 -9999 -9999 -9999
1.211315 1.49965 1.753298 2.007855 2.24344 2.455172 2.659125 2.885322 5.373646 3.553502 3.457239 2.370412 2.298941 3.023233 3.216002 3.358428 3.510631 6.523547 6.825322 6.858889 3.634362 2.632958 2.06513 2.964211 3.750199 3.295895 5.441946 3.273626 3.402754 2.447044 2.127278 2.376552 2.186918 2.008506 1.811853 1.558973 0.4858879 1.198711 2.319734 2.16553 1.989292 1.995254 1.961808 3.098108 1.185457 1.867753 1.906138 1.718591 0.7799431 1.650998 1.775414 1.139148 1.190994 1.219889 2.795394 1.082101 0.9542133 0.8539594 0.8574903 1.027481 -9999 -9999 -9999 -9999 -9999 -9999 -9999 -9999
1.656525 1.79875 2.000411 2.226606 2.448045 2.658243 2.872539 5.253583 3.510703 3.443481 2.185238 2.029567 1.930881 1.64141 2.01417 2.328183 2.60487 2.883196 3.108979 3.254722 6.961885 7.097186 7.124004 7.156432 7.203238 7.335773 7.395902 5.527426 3.591345 2.688916 2.38745 2.577341 2.392268 2.229639 2.074712 1.895902 0.5368762 1.237103 1.651485 2.526859 2.428091 2.253711 2.218911 2.17555 3.29754 2.115196 2.127872 1.954029 1.346477 1.854668 0.8185039 1.945578 1.562653 1.575741 1.574679 2.621741 1.450952 1.429951 1.547464 -9999 -9999 -9999 -9999 -9999 -9999 -9999 -9999 -9999
1.911158 2.006429 2.19003 2.4151 2.644513 2.868441 5.095125 3.416141 3.493774 2.133966 1.969657 1.764424 1.200829 0.4625261 1.216005 1.724527 2.12203 2.443059 2.693079 2.888181 4.260985 4.775006 6.518915 6.571405 6.645963 6.627272 6.708981 7.779208 5.637204 2.972903 2.651059 2.783486 2.597717 2.441462 2.309589 2.175674 1.287905 0.5975936 1.711902 2.053095 2.832444 2.727256 2.547815 2.516742 2.490029 3.776154 2.475095 2.296641 1.792393 2.094544 0.712733 1.418509 2.13372 1.856014 1.860813 1.839119 2.671231 1.902115 -9999 -9999 -9999 -9999 -9999 -9999 -9999 -9999 -9999 -9999
1.426425 1.663925 1.944805 2.252429 2.549266 4.933355 3.281659 3.415606 1.948285 1.992221 1.821825 0.8016645 0.550837 1.161026 1.603812 1.988021 2.32587 2.60614 2.821745 3.742316 3.26966 6.052982 3.623339 4.79766 2.01274 2.211307 2.477025 2.889707 7.727529 5.623816 3.737826 3.118329 2.90951 2.73225 2.585702 2.450385 1.763366 0.6604828 1.389159 2.163074 2.493527 3.129859 2.99814 2.859279 2.855363 2.857689 4.065716 3.415958 2.262034 2.417787 1.466524 1.887638 0.8154917 2.422673 2.211793 2.231394 2.276668 -9999 -9999 -9999 -9999 -9999 -9999 -9999 -9999 -9999 -9999 -9999
1.796497 1.936055 2.173921 2.468334 4.737392 3.112195 3.231862 1.213699 1.431126 1.580507 1.379709 1.619426 1.724376 1.91509 2.150741 2.40726 2.673711 2.92212 3.111449 3.146055 5.978857 3.447237 4.711675 1.615693 1.87983 2.042899 2.275252 2.608462 2.959594 7.578416 7.840095 4.510567 3.347105 3.110538 2.91519 2.753031 2.178343 1.480247 0.8417358 2.040468 2.660321 2.891871 3.379564 3.249577 3.113528 3.141639 3.235877 4.392077 3.960996 2.790912 2.045634 2.3676 1.011287 1.699484 2.854752 2.761678 2.879717 -9999 -9999 -9999 -9999 -9999 -9999 -9999 -9999 -9999 -9999 -9999
2.766779 2.767403 2.895281 4.484663 2.88651 2.965308 0.989714 1.831135 2.363608 1.326249 1.210248 0.9213312 1.393366 1.726479 2.001579 2.261563 2.545614 2.831049 3.051197 5.995902 3.385988 4.717529 0.9773291 1.598825 1.825612 0.5905456 1.270207 1.764878 2.180401 2.533221 2.975132 8.047958 5.047992 3.555765 3.311457 3.121134 2.62892 1.024502 2.482573 1.200892 2.674911 3.114682 3.202061 3.559414 4.152846 4.576193 5.014101 5.310913 4.550465 4.122654 3.541649 2.885489 1.279875 1.995945 2.545297 3.92 -9999 -9999 -9999 -9999 -9999 -9999 -9999 -9999 -9999 -9999 -9999 -9999
2.637576 2.685262 4.118801 2.651236 2.725104 0.8245939 1.576977 2.053755 2.394125 3.163301 3.412347 3.457776 3.388583 3.406564 3.431818 3.479217 3.61122 3.803612 5.993657 3.315441 4.6221 2.637439 0.9788415 1.544418 1.751201 1.919805 2.129172 2.372768 2.620961 2.88018 3.236343 3.674488 8.173698 5.225192 4.458625 3.565666 3.119045 1.313133 2.068654 3.068331 2.180652 3.077281 3.294082 3.300768 1.189039 1.994337 2.603824 2.941308 5.345052 5.734891 4.52024 4.064564 3.46109 3.819572 4.310482 -9999 -9999 -9999 -9999 -9999 -9999 -9999 -9999 -9999 -9999 -9999 -9999 -9999
3.576607 3.797624 2.420089 2.487943 0.752314 1.468467 1.893371 2.208461 2.475237 2.770013 3.064612 3.164719 3.157269 3.187432 3.199249 3.226372 3.353193 5.736397 3.149073 4.440678 2.666907 2.381434 0.9115376 1.441104 1.655676 1.83938 2.052376 2.291351 2.537868 2.807418 3.159801 3.573578 3.873756 8.223411 8.468915 4.00894 1.523036 3.384796 2.215843 2.720803 3.39295 2.610077 3.149537 3.328135 3.488377 3.771158 4.043592 4.103874 3.90321 3.968974 6.229212 6.705946 6.961469 7.08105 7.377344 7.362268 -9999 -9999 -9999 -9999 -9999 -9999 -9999 -9999 -9999 -9999 -9999 -9999
2.258786 2.2063 2.211743 0.6568679 1.399622 1.834607 2.139607 4.32386 4.596395 4.829701 5.071958 5.203244 5.248092 5.284869 5.297745 5.334382 5.464098 2.834533 2.942704 4.002897 2.330935 1.984496 0.8077779 1.335379 2.077059 2.165074 2.308796 2.495681 2.709663 2.968783 3.315685 3.705396 3.955729 4.146624 4.482151 8.607918 4.096792 3.8349 2.837142 1.763318 3.061439 3.511849 2.798364 3.285926 4.241098 4.5367 4.718157 4.646748 4.328271 4.331463 4.743028 5.187051 5.576476 6.231159 3.076708 2.902191 9.467243 -9999 -9999 -9999 -9999 -9999 -9999 -9999 -9999 -9999 -9999 -9999
1.993665 1.950341 0.5617087 1.291818 1.750628 3.89027 4.130188 2.900004 2.61377 2.616381 2.661527 2.684973 2.672101 2.642727 2.600588 2.590317 2.50304 2.582632 3.50067 2.480605 1.926532 1.497708 0.7336204 1.944697 1.493282 1.693829 1.906855 2.136889 2.3851 2.685334 3.07657 3.49588 3.75687 3.941852 4.210175 4.449855 8.601244 8.723643 4.363053 3.294835 2.440334 3.218699 3.523538 3.05609 3.47214 3.890128 4.098825 3.994771 3.657305 3.681176 4.119396 4.613576 5.123962 2.798366 2.631553 9.649391 5.448408 -9999 -9999 -9999 -9999 -9999 -9999 -9999 -9999 -9999 -9999 -9999
1.684847 0.5422618 1.232806 1.672814 3.631056 2.307831 2.75041 2.387148 2.323963 2.296647 2.318934 2.356268 2.376047 2.371716 2.362789 2.200254 2.278363 2.13097 3.014134 2.243549 1.559027 0.8729302 1.852818 1.227172 0.3541921 0.9542609 1.347361 1.680217 1.995057 2.347355 2.786698 3.24741 3.543757 3.745641 3.986065 4.22229 4.434936 4.61022 8.786468 4.321135 3.396841 2.735667 3.294871 4.307172 4.674258 4.987719 5.085686 4.84788 4.399782 4.353179 4.722222 5.143754 9.702633 10.08092 10.15773 5.908033 5.542376 2.857819 4.550595 3.470997 -9999 -9999 -9999 -9999 -9999 -9999 -9999 -9999
1.271388 1.628694 1.927742 3.369984 2.058175 2.64447 2.237169 2.153115 2.090322 2.053654 2.059872 2.093936 2.128944 2.150485 1.95826 2.016713 1.833249 1.949654 2.595641 2.219113 1.225993 1.867367 0.8526419 0.5496657 1.030089 1.330395 1.604228 1.876197 2.149558 2.465181 2.880044 3.332389 3.635886 3.841804 4.070616 4.29137 4.484967 4.591567 4.650849 8.647066 8.613002 8.528244 8.470127 8.610229 8.906096 9.148602 9.181094 8.862853 8.327221 8.556861 8.826966 9.154583 3.83943 4.896448 5.851274 5.95996 2.681026 4.688657 3.303362 2.005767 -9999 -9999 -9999 -9999 -9999 -9999 -9999 -9999
0.6127779 2.339285 2.956475 1.722678 2.490663 2.079911 2.007554 1.951305 1.911693 1.876411 1.867043 1.876955 1.894267 1.634738 1.698951 1.397162 1.540708 1.71721 1.964761 2.29361 1.831438 1.432595 1.61148 1.66761 1.718757 1.831316 2.004149 2.21495 2.437375 2.697989 3.067459 3.494474 3.802747 4.018682 4.248263 4.445888 4.572833 4.646996 4.689902 4.729191 4.77797 4.813651 4.864135 5.030944 5.328716 5.649244 5.775828 5.531073 7.780508 5.388848 3.776618 3.121156 4.274835 5.266597 4.461904 5.019353 4.76545 3.160471 3.239437 3.189223 -9999 -9999 -9999 -9999 -9999 -9999 -9999 -9999
2.11022 2.031514 1.327371 2.28521 1.822811 1.814598 1.775396 1.75363 1.736347 1.698283 1.664137 1.630533 1.206799 1.227969 0.6082466 0.7331439 0.8986267 1.091648 1.369511 1.693129 1.691505 1.271032 0.8619968 1.244622 1.433213 1.622571 1.845441 2.091784 2.331426 2.587363 2.94266 3.360518 3.701432 3.953365 6.77875 6.925259 6.976319 7.067698 7.109084 7.153399 7.495968 7.600199 7.636879 7.776538 8.053707 8.356131 8.588545 8.426946 5.928334 3.7307 2.50483 3.740638 4.777437 3.836083 4.332307 4.027929 2.034622 2.832082 3.039283 2.973671 -9999 -9999 -9999 -9999 -9999 -9999 -9999 -9999
1.995288 0.834055 2.197632 1.523954 1.554853 1.554426 1.525289 1.498046 1.459149 1.395592 1.33738 0.5806252 0.5356911 0.5399762 1.288389 1.80771 2.255224 2.635794 3.022691 3.356712 3.524929 1.744838 1.452263 0.5136128 1.039797 1.375248 1.676526 1.970172 2.235782 2.493497 2.823117 3.214246 3.581184 6.543817 3.756776 3.829193 4.432821 3.855373 4.424627 6.031763 4.597304 2.83744 3.695255 4.489524 5.210025 5.665877 4.309915 6.297541 4.185437 2.412225 3.510096 4.300651 2.065739 3.373502 3.925935 3.559939 1.659045 2.421676 2.753451 3.369478 -9999 -9999 -9999 -9999 -9999 -9999 -9999 -9999
1.7854 2.183965 1.11595 1.179883 1.258248 1.210337 1.063461 0.9855552 0.8955026 0.78506 0.7024394 1.326884 1.682867 1.954517 2.197804 2.456418 2.73221 2.985553 3.271541 3.512951 3.522964 3.969085 3.881798 3.799998 3.71016 3.707316 3.774003 3.882991 3.995328 4.112609 4.290165 4.55351 6.280049 3.520301 3.570579 4.304849 3.710968 4.256166 5.91085 4.420333 2.305799 2.583308 3.156747 3.377535 3.112264 3.500447 5.806492 3.902586 1.907207 3.654478 3.945505 3.082402 1.223647 3.016417 3.579101 3.14441 1.401553 2.107411 2.472257 2.63727 3.273043 -9999 -9999 -9999 -9999 -9999 -9999 -9999
1.162943 1.19993 1.294851 1.429205 1.54389 1.394256 1.207569 1.840173 2.120079 2.246372 2.364111 2.488439 2.604851 2.702944 2.800633 2.931127 3.094186 3.275402 3.51005 3.69997 3.691596 3.60373 3.506584 3.409349 3.369393 3.413252 3.51596 3.640287 3.755237 3.866438 4.016312 5.743781 3.175167 3.330399 4.129686 3.504935 4.201827 5.901019 4.351017 1.876838 2.203152 2.850442 2.979933 2.433036 2.754636 5.038383 3.354981 3.297556 3.30203 3.034487 3.112399 2.85105 2.788863 2.742508 2.51411 2.773913 1.193377 1.874371 2.243755 3.015513 2.10853 2.594721 -9999 -9999 -9999 -9999 -9999 -9999
2.073994 1.665961 1.652409 1.647181 1.646077 1.632468 1.670598 1.039141 1.021321 0.9284675 1.533792 1.904846 2.165582 2.783414 2.932784 3.091684 3.26421 3.628953 3.939466 4.190295 4.176298 4.102828 4.029469 3.954575 3.923205 3.972787 4.075713 4.184025 4.269004 5.125641 5.286865 2.729101 2.893213 3.86902 3.261774 4.0597 5.90822 4.390394 1.255857 1.855108 2.674391 2.784966 2.047338 2.319047 3.366483 4.455629 2.865363 2.705668 2.690887 2.451714 2.682561 2.481117 2.478438 2.452065 2.136857 2.408257 1.015179 1.685863 2.747407 1.604657 2.272952 2.275617 2.306817 -9999 -9999 -9999 -9999 -9999
0.8031107 2.135341 1.770314 1.723739 1.700587 1.706101 1.764327 1.841383 1.516018 1.589631 0.9270558 1.665451 2.092151 0.8709409 0.7275549 0.6562119 2.009326 1.730468 1.796749 1.844989 2.492993 3.01908 3.037912 3.051195 3.087043 3.188107 3.335473 4.3345 4.483461 2.682649 2.388833 2.469155 3.533113 2.851111 3.780465 5.721754 3.736304 3.358298 1.242801 2.567059 2.707443 1.710572 2.051424 3.214506 3.310117 3.854795 2.494344 2.227566 2.200655 1.92855 2.277611 2.074177 2.110066 2.085972 1.650568 2.035444 0.9230016 2.506485 0.8632348 1.937851 1.928233 1.93336 1.941917 1.914256 0.8043403 -9999 -9999 -9999
0.7578586 1.3694 2.177405 1.894631 1.867788 2.423811 1.884138 1.9226 1.700388 0.6942912 1.903954 0.9679816 1.141371 1.10213 1.636686 1.940656 1.428992 1.361438 1.37599 1.38153 1.997266 1.903845 2.539308 2.902998 3.170279 3.4298 3.658113 1.717614 2.482073 2.127769 2.184568 3.348108 2.525169 3.504457 5.473419 2.78509 2.665533 3.076682 2.252477 2.534219 1.123988 1.775648 3.224264 3.275062 3.577217 2.278179 2.22769 1.902222 1.890656 1.502932 1.955617 1.645499 1.717617 1.725181 1.052727 1.74972 1.712514 1.670808 1.645901 1.626267 1.592633 1.55871 1.518904 1.45491 1.835273 -9999 -9999 -9999
0.8248165 1.411237 1.676188 2.300083 2.100743 2.964934 2.075412 2.07217 1.863293 1.200658 1.958852 0.697812 1.5534 1.690807 1.094266 1.153251 1.008144 0.8340877 0.7999031 1.862166 1.723641 1.580599 1.499192 1.459749 1.451174 1.084873 1.174266 2.201395 1.787254 1.856311 3.231736 2.29012 3.401218 5.196412 3.538817 2.416893 2.229586 2.705037 1.662171 2.130633 1.088646 3.191138 3.312689 2.887802 2.998209 2.101923 2.098901 1.722699 1.770814 1.128923 1.837567 1.264825 1.502928 1.583975 1.602279 1.628143 1.562526 1.446499 1.342422 1.266935 1.118713 0.9745919 0.8743419 0.7748078 1.428169 -9999 -9999 -9999
0.9389615 1.505538 1.738745 1.955847 2.534704 2.391801 3.462963 2.313601 2.078117 1.5347 2.053783 1.184261 1.658197 1.762588 0.8390967 1.776683 1.220926 1.119402 1.790205 1.717873 1.465063 1.231968 1.100973 1.047248 0.349149 0.3880192 1.856838 1.278947 1.392374 3.082492 1.964726 3.329033 5.216324 2.912606 2.536906 2.072164 1.785467 2.349594 0.8027015 1.589175 2.97015 3.221039 2.857976 2.44008 2.49779 2.122764 2.204026 1.65546 1.81006 1.819983 1.582466 1.585652 1.892624 1.817141 1.786006 2.013661 2.118614 1.824503 1.61502 1.577084 1.317948 1.786527 2.107481 2.286341 2.43695 -9999 -9999 -9999
0.9508546 1.569931 1.813263 2.039979 2.323988 2.858582 2.714357 3.891552 2.342969 1.851589 2.215513 1.513657 1.823574 1.885324 1.300763 1.860837 0.9629632 1.876545 1.452839 1.541104 1.097534 0.6926571 0.4734854 0.3844087 1.070768 1.518185 0.4980355 0.6156724 2.943675 1.538864 3.232211 3.73511 4.941777 2.740216 2.315517 1.742739 1.325966 2.064481 0.7306721 2.608593 2.910551 2.521634 2.045779 2.315116 1.902734 2.095567 2.261197 2.359276 1.837793 1.384757 1.131418 1.764726 1.804775 1.769411 2.188016 1.829533 1.111809 1.717583 1.695236 1.746468 1.719705 1.00309 1.049726 1.024427 1.676941 2.152508 -9999 -9999
